#Minson et al. (2007), Table 8
#eid Tlam Ttr Tpl Nlam Ntr Npl Pam Ptr Ppl
#Eigenvalues are given in 10^15 N m.
#trend is in degrees clockwise from north
#plunge are given in degrees below horizontal
EVT1 189.9 82.6 54.3 109.1 -98.8 35.7 46.6 -8.3 0.6
EVT2 338.9 -129.5 26.4 135.5 70.0 62.2 -72.8 -35.5 8.0
EVT3 2508.0 -133.1 27.4 98.2 23.3 60.5 -599.7 131.6 10.1
EVT4 373.5 -148.3 5.5 97.6 81.5 81.5 -115.2 -57.7 6.5
EVT5 31.3 -150.1 15.6 3.7 -9.6 70.2 -18.3 116.5 12.0
EVT6 103.6 34.2 23.6 13.9 -139.0 66.3 -47.3 125.3 2.5
EVT7 222.3 41.9 64.2 80.0 -55.8 3.7 17.1 -147.6 25.5
EVT8 880.2 -136.5 21.9 258.4 63.2 66.9 -185.1 -43.6 7.0
EVT9 163.5 37.0 6.8 -25.7 -54.7 14.1 -74.3 152.2 74.3
EVT10 2063.0 -122.1 39.2 665.9 82.8 48.1 -621.9 -21.6 12.6
EVT11 88.7 -141.8 35.1 27.3 15.9 52.8 -24.7 120.5 10.9
EVT12 435.1 -109.5 23.3 63.4 -11.3 18.3 -257.8 113.1 59.6
EVT13 380.1 -128.5 35.3 43.7 -4.3 38.4 -148.3 115.3 32.0
EVT14 845.6 -145.1 50.9 278.6 48.9 38.3 -55.6 -46.6 6.9
EVT15 4951.0 -123.9 7.4 1125.0 102.4 79.4 -4006.0 -32.9 7.6
EVT16 491.6 -142.9 42.6 164.8 43.1 47.2 -144.8 -50.2 3.0
EVT17 80.2 -125.8 23.0 25.1 -7.5 48.1 -43.1 128.3 32.8
EVT18 689.1 -120.8 27.3 208.5 -4.1 41.0 -299.9 126.4 36.8
