       lon       lat          ve          vn          vu          se          sn          su         ren         reu         rnu     start    finish      name
 -117.0932   34.1164 -2.9107e+01  7.4350e+00  1.1070e+00  5.8500e-01  3.0100e-01  9.7200e-01 -3.5100e-02 -1.7110e-01 -2.4000e-02    2001.3    2008.6  7ODM_GPS
 -116.4294   34.5943 -1.9093e+01 -2.8450e+00  3.3700e-01  4.8000e-02  5.7000e-02  1.4500e-01  9.7800e-02  9.0000e-03 -1.3200e-01    2000.0    2008.6  AGMT_GPS
 -115.1585   37.3580 -1.5570e+01 -8.9210e+00  1.4700e-01  5.7000e-02  5.3000e-02  1.9900e-01  1.0260e-01 -3.0400e-02 -1.8600e-01    1999.4    2008.6  ALAM_GPS
 -118.6948   34.8245 -2.7794e+01  6.6720e+00  1.3800e+00  2.1800e-01  2.5400e-01  3.9500e-01  7.6900e-02  1.2500e-02 -1.3660e-01    2001.6    2008.6  ALPP_GPS
 -119.3635   34.0150 -4.1065e+01  2.2819e+01  1.2160e+00  2.3400e-01  5.5500e-01  6.2700e-01  5.8800e-02 -1.7700e-02 -4.8500e-02    2002.4    2008.6  ANA1_GPS
 -118.8303   34.1574 -3.9477e+01  1.9235e+01  4.9400e-01  7.8000e-02  4.0000e-02  1.6500e-01  3.2100e-02  4.2900e-02 -1.6500e-01    1997.0    2007.0  AOA1_GPS
 -114.9318   36.3191 -1.5252e+01 -8.5420e+00  3.6800e-01  6.2000e-02  4.2000e-02  1.8200e-01  7.8200e-02 -1.3000e-03 -2.1070e-01    1999.2    2008.6  APEX_GPS
 -117.5219   36.0500 -1.9240e+01 -3.4320e+00 -4.3200e-01  6.0000e-02  3.5000e-02  1.6700e-01  6.9900e-02  5.2300e-02 -1.7370e-01    1999.2    2008.6  ARGU_GPS
 -118.9104   35.2013 -2.8741e+01 -1.3400e-01 -1.0866e+01  2.8300e-01  4.6200e-01  1.0160e+00  6.1500e-02 -1.8200e-02 -8.8300e-02    2000.4    2008.6  ARM1_GPS
 -117.1540   34.4683 -2.7431e+01  2.7110e+00  1.6900e-01  2.5800e-01  1.8200e-01  2.9600e-01  7.8600e-02 -4.7000e-02 -1.4880e-01    1999.0    2008.6  AVRY_GPS
 -116.6297   33.5401 -3.1978e+01  1.1934e+01  4.9800e-01  5.0000e-02  4.2000e-02  1.2700e-01  1.0460e-01 -2.1000e-03 -1.3860e-01    1999.6    2008.6  AZRY_GPS
 -117.8965   34.1260 -3.6221e+01  1.2697e+01 -3.8700e-01  9.4000e-02  7.7000e-02  1.7800e-01  2.9100e-02  7.0600e-02 -1.8820e-01    1997.0    2008.6  AZU1_GPS
 -118.9014   37.7834 -1.9619e+01 -4.5300e+00  9.5200e-01  1.2000e-01  5.0800e-01  5.9700e-01  6.5900e-02  1.9500e-02 -1.6940e-01    2002.0    2008.6  BALD_GPS
 -117.2046   40.4128 -1.6401e+01 -8.7010e+00  1.3940e+00  8.3000e-02  9.8000e-02  3.7800e-01  8.0300e-02  2.1400e-02 -1.6070e-01    2003.1    2008.6  BAMO_GPS
 -119.0297   33.4804 -4.1236e+01  2.2916e+01 -5.0100e-01  1.1200e-01  6.9000e-02  2.8400e-01  8.6200e-02  8.5100e-02 -1.5390e-01    2002.3    2008.6  BAR1_GPS
 -119.9815   34.5822 -4.0170e+01  2.0324e+01  8.7200e-01  1.4700e-01  9.8000e-02  2.8700e-01  5.9000e-02 -1.1400e-02 -6.6800e-02    2000.7    2008.6  BBDM_GPS
 -116.8842   34.2643 -2.3804e+01  4.6860e+00  9.3100e-01  5.6000e-02  8.6000e-02  1.8200e-01  9.8000e-02 -2.4200e-02 -2.1050e-01    1998.8    2008.6  BBRY_GPS
 -119.4058   34.9205 -3.3411e+01  1.0205e+01  4.7700e-01  6.7000e-02  7.7000e-02  2.4100e-01  5.8200e-02 -1.5200e-02 -1.2820e-01    2000.8    2008.6  BCWR_GPS
 -116.6211   37.0399 -1.5761e+01 -8.5560e+00 -1.1100e-01  4.6000e-02  3.1000e-02  1.2200e-01  8.4000e-02  7.8000e-03 -1.8650e-01    1999.1    2008.6  BEAT_GPS
 -115.9982   34.0005 -1.6809e+01 -4.1970e+00  1.6900e-01  5.6000e-02  4.9000e-02  1.7400e-01  7.8500e-02  9.6000e-03 -1.3260e-01    2001.9    2008.6  BEMT_GPS
 -118.0741   35.8784 -2.0923e+01 -2.0000e-02  7.2800e-01  9.2000e-02  2.1700e-01  2.1400e-01  7.0800e-02  2.0800e-02 -1.5900e-01    2000.7    2008.6  BEPK_GPS
 -118.1597   33.9671 -3.9001e+01  1.6441e+01 -2.2540e+00  8.1000e-02  9.6000e-02  3.6500e-01  4.7300e-02  1.5900e-02 -2.0330e-01    1999.3    2008.6  BGIS_GPS
 -117.0646   33.5782 -3.5963e+01  1.5022e+01 -6.6000e-01  6.0000e-02  8.3000e-02  1.5900e-01  7.7900e-02  7.4000e-03 -1.3250e-01    1997.9    2008.6  BILL_GPS
 -116.0804   35.2870 -1.5999e+01 -8.5120e+00  1.2500e-01  6.0000e-02  4.1000e-02  3.1100e-01  5.5600e-02  8.7000e-03 -7.9600e-02    2000.9    2008.6  BKAP_GPS
 -118.0947   33.9623 -3.9990e+01  2.0140e+01  1.7390e+00  6.5000e-02  1.0600e-01  2.6700e-01  8.0300e-02  1.3800e-02 -1.3060e-01    1998.6    2008.6  BKMS_GPS
 -119.1095   35.1324 -2.6655e+01  8.1510e+00 -1.4255e+01  3.0100e-01  5.3900e-01  2.0300e+00  6.2700e-02  8.0000e-04 -6.6300e-02    2004.1    2008.6  BKR1_GPS
 -118.0287   33.7995 -3.8967e+01  1.7068e+01 -3.3410e+00  1.3300e-01  9.9000e-02  2.2220e+00  5.7300e-02 -2.5800e-02 -1.4420e-01    2003.0    2008.6  BLSA_GPS
 -114.7148   33.6104 -1.4050e+01 -7.9050e+00  7.9200e-01  5.4000e-02  5.6000e-02  2.4600e-01  7.2900e-02  3.4000e-03 -1.4930e-01    1997.0    2008.6  BLYT_GPS
 -116.0530   34.2514 -1.5031e+01 -5.5860e+00  7.3600e-01  4.4000e-02  3.8000e-02  1.3500e-01  8.3100e-02  3.6000e-03 -1.3090e-01    2000.0    2008.6  BMHL_GPS
 -116.9847   33.9627 -2.6451e+01  9.1960e+00 -1.8110e+00  8.3000e-02  4.3000e-02  1.6700e-01  8.3700e-02  2.3000e-02 -1.2620e-01    1999.2    2008.6  BMRY_GPS
 -118.2770   34.1849 -3.7470e+01  1.4168e+01 -1.0000e-01  6.2000e-02  4.9000e-02  1.7200e-01  6.2700e-02  2.1200e-02 -2.7540e-01    1997.0    2008.6  BRAN_GPS
 -122.1526   37.9194 -2.6332e+01  5.8440e+00 -1.5300e-01  8.0000e-02  1.1900e-01  3.3500e-01  6.6400e-02  2.4700e-02 -1.9410e-01    1997.0    2008.6  BRIB_GPS
 -118.5768   34.6823 -3.1046e+01  9.5580e+00  3.9000e-01  4.5000e-02  7.1000e-02  1.9600e-01  6.9300e-02  2.9400e-02 -1.5410e-01    2000.9    2008.6  BRPK_GPS
 -117.0120   34.9186 -2.0665e+01  5.5800e-01 -4.6700e-01  5.0000e-02  8.3000e-02  1.1600e-01  7.3700e-02  6.9000e-03 -1.4020e-01    1998.9    2008.6  BSRY_GPS
 -118.1882   34.2928 -3.6038e+01  1.2446e+01 -5.2000e-01  8.4000e-02  7.7000e-02  2.4300e-01 -7.8000e-03  2.4400e-02 -7.5300e-02    2000.1    2008.6  BTDM_GPS
 -116.8717   36.9176 -1.5980e+01 -8.2710e+00  1.0000e-02  4.3000e-02  4.2000e-02  1.6100e-01  8.4400e-02  1.4600e-02 -1.8220e-01    1999.2    2008.6  BULL_GPS
 -116.4509   36.7453 -1.5690e+01 -8.5920e+00 -1.0500e-01  4.5000e-02  3.3000e-02  1.2800e-01  8.6600e-02  1.8900e-02 -1.9140e-01    1999.2    2008.6  BUST_GPS
 -119.3475   35.1573 -2.8429e+01  4.0500e+00 -3.8900e-01  8.4000e-02  7.4000e-02  2.3000e-01  6.0100e-02  1.0700e-02 -1.4410e-01    2000.8    2008.6  BVPP_GPS
 -115.9899   33.6551 -2.1115e+01 -8.7300e-01  5.7100e-01  5.5000e-02  6.8000e-02  2.4400e-01  7.3100e-02  1.6000e-03 -1.1400e-01    2000.2    2008.6  CACT_GPS
 -120.4337   35.9394 -2.3679e+01  8.2690e+00  1.6410e+00  5.4000e-02  5.5000e-02  2.5100e-01  7.2800e-02  1.6700e-02 -1.5780e-01    1999.6    2008.6  CAND_GPS
 -120.4308   35.8884 -3.3115e+01  1.6171e+01 -1.8780e+00  1.2300e-01  1.2000e-01  2.6100e-01  5.2200e-02 -6.3000e-03 -9.6300e-02    2001.6    2008.6  CARH_GPS
 -118.8967   37.6446 -2.3456e+01 -6.2660e+00 -1.2290e+00  2.2200e-01  4.5500e-01  8.2100e-01  5.6100e-02 -4.9800e-02 -1.5070e-01    1997.0    2005.9  CASA_GPS
 -118.4830   33.4458 -4.0131e+01  2.1623e+01 -2.0700e-01  7.5000e-02  1.3300e-01  1.2700e-01  6.7500e-02 -4.1000e-03 -6.9500e-02    1997.0    2008.3  CAT1_GPS
 -118.3338   33.3116 -4.0189e+01  2.1531e+01 -7.2900e-01  4.2000e-02  4.4000e-02  1.6000e-01  9.7000e-02  1.6000e-02 -1.1510e-01    2000.5    2008.6  CAT2_GPS
 -118.6298   34.1386 -3.8703e+01  1.8364e+01  2.8000e-02  6.7000e-02  4.0000e-02  1.5900e-01  7.3900e-02 -1.1000e-02 -1.0720e-01    1999.1    2008.6  CBHS_GPS
 -117.6712   35.5653 -2.0482e+01  1.0700e-01 -3.9900e-01  1.0100e-01  3.2000e-02  1.8400e-01  6.3300e-02  7.7000e-03 -1.4500e-01    2000.7    2008.6  CCCC_GPS
 -118.2112   33.8763 -3.6949e+01  1.8644e+01 -9.9500e-01  1.9400e-01  4.8000e-02  4.0000e-01  9.7700e-02 -2.2900e-02 -1.5190e-01    1999.1    2008.6  CCCO_GPS
 -117.8649   33.8627 -3.7441e+01  1.6231e+01 -8.3500e-01  1.2600e-01  2.1800e-01  3.7300e-01  5.9400e-02 -5.0000e-04 -1.3170e-01    1999.1    2008.6  CCCS_GPS
 -119.0135   34.8064 -3.2887e+01  9.6170e+00  2.9000e-01  1.7600e-01  1.7800e-01  6.2500e-01  8.0000e-04 -1.1000e-03 -1.9000e-03    2000.9    2008.5  CCST_GPS
 -116.3359   34.8295 -1.8049e+01 -6.8290e+00  1.2770e+00  4.7000e-02  5.4000e-02  1.9500e-01  5.1600e-02  6.3400e-02 -1.5160e-01    2000.8    2008.6  CDMT_GPS
 -117.9649   34.2440 -3.5179e+01  1.1948e+01  2.3000e-02  2.0400e-01  2.5400e-01  3.4100e-01 -2.2400e-02  6.7000e-02 -7.0400e-02    2000.5    2008.4  CGDM_GPS
 -122.1193   37.7241 -2.7491e+01  7.4860e+00  3.7800e-01  1.0000e-01  1.6100e-01  2.8600e-01  3.1800e-02  4.6400e-02 -1.7240e-01    1997.0    2008.6  CHAB_GPS
 -118.0260   34.3334 -3.4503e+01  1.1344e+01 -6.5300e-01  5.5000e-02  4.6000e-02  2.0000e-01  6.8100e-02 -1.5200e-02 -2.4260e-01    1997.0    2008.6  CHIL_GPS
 -116.7655   36.7465 -1.5856e+01 -8.2880e+00 -5.6000e-02  4.9000e-02  3.3000e-02  1.3600e-01  8.2700e-02  1.5900e-02 -1.8160e-01    1999.6    2008.6  CHLO_GPS
 -117.8277   34.6405 -2.5226e+01  5.3520e+00  6.3800e-01  1.4300e-01  1.4100e-01  4.7300e-01  5.7000e-02  5.9100e-02 -1.5750e-01    1999.7    2008.6  CHMS_GPS
 -121.6650   39.4326 -2.2084e+01 -4.1470e+00 -1.0900e-01  8.6000e-02  7.1000e-02  2.7700e-01  5.3400e-02  3.5000e-03 -1.6950e-01    1999.5    2008.1  CHO1_GPS
 -118.9373   34.1096 -3.9677e+01  1.9654e+01 -3.1800e-01  4.1000e-02  3.2000e-02  1.3800e-01  8.3800e-02  1.7400e-02 -2.5900e-01    2000.8    2008.6  CIRX_GPS
 -118.1273   34.1367 -3.5276e+01  1.3680e+01  1.4540e+00  5.2000e-02  4.3000e-02  1.3800e-01  8.9600e-02  9.1000e-03 -1.3920e-01    1997.0    2008.6  CIT1_GPS
 -117.4794   34.3138 -2.8342e+01  7.6550e+00  1.0350e+00  9.4000e-02  5.0000e-02  2.4400e-01  1.0730e-01 -3.9200e-02 -1.5520e-01    1999.0    2008.6  CJMS_GPS
 -117.7088   34.1099 -3.4909e+01  1.1835e+01  2.3300e-01  7.2000e-02  1.1700e-01  3.1000e-01  5.6900e-02  6.2400e-02 -1.6530e-01    1997.0    2008.6  CLAR_GPS
 -120.3860   38.0342 -2.2311e+01 -2.5170e+00  1.8000e-01  1.8200e-01  8.3000e-02  3.1300e-01 -7.3900e-02  8.4200e-02 -1.5870e-01    1997.0    2008.6  CMBB_GPS
 -124.3963   40.4418 -1.9692e+01  1.8761e+01 -2.1130e+00  1.6100e-01  1.3600e-01  2.8200e-01  2.7100e-02 -3.1000e-03 -1.6350e-01    1997.0    2007.7  CME1_GPS
 -118.4114   34.3532 -3.5629e+01  1.2800e+01 -1.0390e+00  1.1300e-01  1.0400e-01  1.5600e-01  4.0600e-02 -1.2800e-02 -6.2700e-02    1997.0    2008.6  CMP9_GPS
 -121.2785   37.8964 -2.4011e+01 -3.2940e+00 -3.0860e+00  2.2800e-01  1.1300e-01  5.8800e-01  1.3300e-02  2.3700e-02 -1.6230e-01    1999.3    2006.2  CNDR_GPS
 -117.6089   33.8576 -3.5350e+01  1.5498e+01 -1.5000e-01  6.1000e-02  4.9000e-02  1.7600e-01  7.9700e-02  1.3700e-02 -1.1170e-01    2000.1    2008.6  CNPP_GPS
 -119.8795   34.4149 -4.0889e+01  1.7840e+01  1.5310e+00  6.4000e-02  1.2400e-01  2.3100e-01  5.2400e-02  2.8000e-02 -1.5420e-01    2001.5    2008.6  COPR_GPS
 -117.8089   35.9823 -1.5918e+01  3.9470e+00 -3.9880e+00  5.9000e-02  3.4000e-02  1.7800e-01  7.5900e-02  8.4000e-03 -9.9000e-02    1997.0    2008.6  COSO_GPS
 -116.3869   33.7325 -2.6697e+01  8.1380e+00 -1.0086e+01  6.6000e-02  6.1000e-02  3.5400e-01  6.2100e-02  4.0000e-02 -1.3370e-01    1999.8    2008.6  COTD_GPS
 -117.5730   35.0717 -2.0826e+01  2.6220e+00 -1.5740e+00  6.4000e-02  5.6000e-02  2.2400e-01  5.0600e-02 -2.6000e-03 -1.2450e-01    2001.0    2008.6  CPBN_GPS
 -116.5693   36.8077 -1.5622e+01 -8.4990e+00  1.2700e-01  5.3000e-02  3.5000e-02  2.0600e-01  8.9100e-02 -1.7500e-02 -1.8670e-01    1999.2    2008.6  CRAT_GPS
 -120.7508   35.7916 -3.7209e+01  2.2124e+01  7.1700e-01  5.7000e-02  5.5000e-02  2.2000e-01  5.9200e-02  2.0000e-02 -1.4510e-01    2001.7    2008.6  CRBT_GPS
 -117.0997   34.0391 -2.8461e+01  7.7460e+00 -2.8300e-01  5.6000e-02  7.2000e-02  2.2600e-01  7.3600e-02 -5.9000e-03 -1.4420e-01    1997.0    2008.6  CRFP_GPS
 -118.2728   33.8235 -3.8933e+01  1.8293e+01  4.9700e-01  8.7000e-02  7.0000e-02  1.8000e-01  8.2600e-02  6.3700e-02 -1.4780e-01    1999.4    2008.6  CRHS_GPS
 -115.7350   33.0698 -2.4412e+01  9.1650e+00  2.4500e-01  4.0000e-02  5.3000e-02  1.4900e-01  8.2600e-02  1.1000e-03 -1.4040e-01    1999.0    2008.6  CRRS_GPS
 -119.7848   34.0293 -4.1341e+01  2.3370e+01 -1.9000e-01  4.8000e-02  6.6000e-02  1.3900e-01  8.1100e-02  1.2100e-02 -1.2890e-01    2000.4    2008.6  CRU1_GPS
 -119.0390   34.1684 -3.9806e+01  1.9921e+01 -1.3800e-01  5.2000e-02  3.8000e-02  1.2900e-01  8.6800e-02  2.0000e-02 -1.3220e-01    2000.9    2008.6  CSCI_GPS
 -118.2567   33.8615 -4.0120e+01  1.7890e+01  1.8220e+00  5.9000e-02  4.7000e-02  1.0400e-01  8.0800e-02  2.2300e-02 -1.3510e-01    1998.5    2008.6  CSDH_GPS
 -118.5238   34.2535 -3.7220e+01  1.6424e+01 -1.2250e+00  5.3000e-02  5.3000e-02  1.6200e-01  7.8000e-02  3.2000e-03 -1.3890e-01    1997.0    2008.6  CSN1_GPS
 -119.3712   34.4081 -4.0180e+01  1.6067e+01 -8.5700e-01  3.8000e-02  5.2000e-02  2.1600e-01  4.9500e-02  9.1400e-02 -6.6000e-02    2001.0    2008.6  CSST_GPS
 -118.6132   34.5165 -3.5003e+01  1.1010e+01  3.1000e-01  4.6000e-02  6.8000e-02  1.9700e-01  6.8200e-02  3.4900e-02 -1.5100e-01    2001.5    2008.6  CTDM_GPS
 -116.3704   34.1241 -1.8103e+01  1.2380e+00  1.4920e+00  4.2000e-02  6.1000e-02  1.3200e-01  6.1100e-02  5.8000e-03 -1.0910e-01    1999.9    2008.6  CTMS_GPS
 -119.6739   34.9426 -3.9556e+01  1.3686e+01 -4.8770e+00  2.3100e-01  2.0100e-01  5.0800e-01  3.9100e-02  5.2100e-02 -1.0690e-01    2000.1    2008.6  CUHS_GPS
 -117.9017   34.0820 -3.6256e+01  1.3153e+01 -8.4500e-01  2.5500e-01  8.6000e-02  2.3200e-01  6.2100e-02 -2.6000e-02 -8.3700e-02    1998.6    2008.6  CVHS_GPS
 -118.3969   34.3348 -3.6326e+01  1.3140e+01 -4.2900e-01  1.4700e-01  5.3000e-02  2.1500e-01 -1.7300e-02 -7.3600e-02 -2.1930e-01    1997.0    2008.6  DAM2_GPS
 -118.9812   37.7442 -1.9963e+01 -3.3580e+00 -7.0500e-01  3.7800e-01  4.4600e-01  9.5300e-01  6.8500e-02  2.3800e-02 -1.7130e-01    2002.0    2008.6  DDMN_GPS
 -119.0906   38.0515 -2.1560e+01 -2.0670e+00 -1.8000e-02  2.9900e-01  1.7000e-01  4.4000e-01  7.9300e-02  7.4000e-03 -1.6440e-01    2002.0    2008.6  DECH_GPS
 -115.7880   33.3898 -2.2648e+01 -2.8000e-01  2.0800e-01  4.5000e-02  5.1000e-02  1.3300e-01  7.9400e-02  1.0000e-02 -1.3270e-01    1997.0    2008.6  DHLG_GPS
 -121.9156   37.8786 -2.3497e+01  9.0000e-02  7.3900e-01  9.0000e-02  9.0000e-02  2.8200e-01  7.7900e-02  5.5100e-02 -2.4920e-01    1998.4    2008.6  DIAB_GPS
 -118.3485   34.0239 -3.7655e+01  1.6250e+01  5.4000e-01  1.4600e-01  1.7700e-01  4.4000e-01  6.4800e-02 -5.2000e-03 -1.5590e-01    1999.3    2008.6  DSHS_GPS
 -117.2495   33.0365 -3.8657e+01  1.8092e+01 -6.0900e-01  1.5000e-01  7.4000e-02  3.4000e-01  7.3500e-02  2.4900e-02 -1.4560e-01    2005.4    2008.6  DSME_GPS
 -116.7121   33.7333 -2.9040e+01  9.5150e+00  1.0000e-02  8.9000e-02  5.8000e-02  2.6100e-01  4.5200e-02 -1.5900e-02 -1.9450e-01    1999.0    2008.6  DSSC_GPS
 -117.8601   34.4134 -3.1744e+01  9.6960e+00  2.8400e-01  4.8000e-02  1.0700e-01  2.7900e-01  8.3600e-02  2.6300e-02 -3.0300e-02    1999.6    2008.6  DVPB_GPS
 -118.0393   37.7428 -1.6741e+01 -6.9850e+00  5.8300e-01  6.3000e-02  4.2000e-02  1.3900e-01  8.4100e-02  1.2200e-02 -1.6480e-01    1999.4    2008.6  DYER_GPS
 -118.1260   33.9380 -4.2072e+01  1.5096e+01  2.8360e+00  3.1100e-01  2.8100e-01  8.0900e-01  5.9800e-02  6.2000e-02 -1.8860e-01    1998.5    2008.6  DYHS_GPS
 -118.3290   33.8868 -3.8298e+01  1.8506e+01  2.6300e-01  8.8000e-02  6.9000e-02  1.9300e-01  3.8300e-02  3.6000e-03 -9.8800e-02    1999.3    2006.4  ECCO_GPS
 -117.4117   33.6477 -3.6295e+01  1.6696e+01  1.0200e-01  5.9000e-02  6.3000e-02  2.0400e-01  8.3000e-02  2.1500e-02 -1.3570e-01    2001.6    2008.6  ECFS_GPS
 -114.2642   37.9155 -1.5804e+01 -8.9590e+00 -1.0000e-03  6.3000e-02  3.6000e-02  1.8600e-01  8.8400e-02  3.1000e-03 -1.7740e-01    1999.4    2008.6  ECHO_GPS
 -118.8304   34.9462 -2.7847e+01  5.7620e+00  1.2670e+00  9.9000e-02  1.4600e-01  4.1900e-01  5.9500e-02 -1.6000e-02 -9.6100e-02    2000.1    2008.6  EDPP_GPS
 -114.9389   39.3452 -1.6811e+01 -9.2510e+00  2.6300e-01  1.1400e-01  5.3000e-02  2.1200e-01  5.9800e-02  2.4700e-02 -1.7460e-01    1997.2    2008.6  EGAN_GPS
 -115.8172   40.9147 -1.7029e+01 -9.2340e+00  7.8000e-02  6.7000e-02  4.4000e-02  1.8900e-01  7.6900e-02  3.3000e-03 -1.8510e-01    1997.8    2008.6  ELKO_GPS
 -118.2084   34.0297 -3.7668e+01  1.3938e+01 -1.5340e+00  7.8000e-02  6.1000e-02  2.5200e-01  6.0200e-02 -5.3000e-03 -1.6520e-01    1999.4    2008.6  ELSC_GPS
 -117.5256   34.1042 -3.4403e+01  1.2556e+01 -1.2350e+00  4.7000e-02  5.3000e-02  2.0200e-01  6.3900e-02  2.3200e-02 -2.1060e-01    1999.2    2008.6  EWPP_GPS
 -123.0008   37.6972 -3.8919e+01  2.5499e+01 -2.4100e-01  6.7000e-02  4.8000e-02  2.4300e-01  3.6200e-02  6.3400e-02 -1.8390e-01    1997.0    2008.6  FARB_GPS
 -120.0094   34.7330 -4.1427e+01  2.0314e+01  7.8600e-01  6.2000e-02  5.9000e-02  2.6400e-01  8.1200e-02  6.4000e-03 -1.4600e-01    2000.7    2008.6  FGST_GPS
 -118.8941   34.4099 -3.8015e+01  1.5196e+01 -5.2500e-01  6.2000e-02  1.2500e-01  1.9900e-01  8.2000e-02  1.5600e-02 -1.3270e-01    1999.8    2008.6  FMTP_GPS
 -118.8840   34.3563 -3.8799e+01  1.8120e+01 -1.0530e+00  4.7000e-02  6.0000e-02  2.3000e-01  7.8200e-02  1.5100e-02 -1.3150e-01    2000.9    2008.6  FMVT_GPS
 -117.9357   33.6623 -3.8025e+01  1.8398e+01 -3.4400e-01  6.3000e-02  2.8500e-01  2.7600e-01  7.6600e-02  9.9000e-03 -1.3120e-01    1998.6    2008.6  FVPK_GPS
 -118.3595   34.0806 -4.1489e+01  1.5525e+01 -1.8950e+00  1.2500e-01  1.4800e-01  2.0500e-01  5.9900e-02 -4.4000e-02 -7.4000e-02    1999.3    2008.6  FXHS_GPS
 -118.8934   34.8002 -3.1948e+01  8.6150e+00  1.6360e+00  1.1100e-01  7.5000e-02  2.5000e-01  7.4100e-02  5.2000e-02 -9.1600e-02    1998.6    2008.6  FZHS_GPS
 -117.9164   38.9703 -1.6384e+01 -8.6770e+00  8.2700e-01  5.6000e-02  3.6000e-02  1.8700e-01  8.2100e-02  2.0000e-04 -2.1520e-01    1999.2    2008.6  GABB_GPS
 -119.3555   40.4165 -1.7629e+01 -7.6460e+00  3.0800e-01  7.2000e-02  4.8000e-02  2.8900e-01  3.6900e-02 -1.5400e-02 -1.1070e-01    1997.0    2008.6  GARL_GPS
 -119.8637   35.1894 -3.4691e+01  1.4684e+01  1.4800e+00  8.8000e-02  1.2400e-01  3.1100e-01  5.0200e-02  1.9500e-02 -1.4720e-01    2000.4    2008.6  GDEC_GPS
 -117.3979   34.2039 -3.0769e+01  9.2660e+00 -1.0200e-01  3.5000e-01  1.9300e-01  4.3000e-01  8.9500e-02 -2.0900e-02 -1.5280e-01    1999.5    2007.1  GHRP_GPS
 -115.5214   33.2748 -1.6994e+01 -7.7180e+00  3.4400e-01  1.8400e-01  1.3200e-01  2.7800e-01  7.7800e-02  3.9000e-03 -1.2020e-01    1999.0    2008.6  GLRS_GPS
 -114.8273   33.0511 -1.4102e+01 -6.9970e+00 -3.9500e-01  9.1000e-02  7.9000e-02  2.8500e-01  3.5100e-02  6.1900e-02 -1.4380e-01    2000.2    2008.6  GMPK_GPS
 -115.6602   34.7840 -1.4932e+01 -7.9720e+00 -5.6800e-01  7.6000e-02  3.0600e-01  2.3400e-01  6.4400e-02  5.6900e-02 -2.7070e-01    1999.8    2008.6  GMRC_GPS
 -114.1894   34.3086 -1.3456e+01 -6.9380e+00  1.7130e+00  7.9000e-02  1.1800e-01  2.5200e-01  8.4800e-02  8.7000e-03 -1.5230e-01    2000.5    2008.6  GNPS_GPS
 -116.8892   35.4252 -1.7229e+01 -3.1310e+00  1.5300e-01  5.0000e-02  7.3000e-02  1.7300e-01  8.3500e-02 -3.5000e-03 -1.8750e-01    1997.0    2008.6  GOLD_GPS
 -114.1797   40.6402 -1.6570e+01 -9.1730e+00  4.4200e-01  7.8000e-02  5.0000e-02  2.0200e-01  7.9100e-02  1.9900e-02 -1.7510e-01    1997.0    2008.6  GOSH_GPS
 -118.1129   34.0474 -3.7859e+01  1.4352e+01 -1.7510e+00  1.0200e-01  7.8000e-02  2.1700e-01  7.9200e-02  3.4000e-03 -1.4660e-01    2000.6    2008.6  GVRS_GPS
 -120.6821   34.4694 -4.2844e+01  2.4377e+01 -2.7040e+00  1.9400e-01  2.0500e-01  2.9000e-01  8.3600e-02  2.7500e-02 -1.3350e-01    1997.0    2008.6  HARV_GPS
 -118.2858   33.7836 -3.7099e+01  1.8982e+01 -1.0430e+00  7.2000e-02  6.0000e-02  1.9800e-01  6.0000e-02  3.8000e-03 -1.3790e-01    2000.4    2008.6  HBCO_GPS
 -116.4301   34.7548 -1.9111e+01 -5.4620e+00  4.1800e-01  4.1000e-02  3.6000e-02  1.7900e-01  8.4200e-02  9.0000e-04 -1.3480e-01    1999.9    2008.6  HCMN_GPS
 -121.4699   40.8159 -1.8159e+01 -5.9030e+00 -1.0750e+00  2.0400e-01  1.3800e-01  8.4300e-01  5.7800e-02  5.4000e-03 -1.6350e-01    2003.5    2008.6  HCRO_GPS
 -117.7995   34.7599 -2.3861e+01  4.7420e+00 -9.2800e-01  2.0900e-01  1.3700e-01  2.1500e-01 -2.0600e-02  6.9200e-02 -1.5390e-01    1999.7    2008.6  HIVI_GPS
 -115.6353   33.7050 -1.6910e+01 -6.5050e+00 -9.3800e-01  6.2000e-02  6.8000e-02  1.9500e-01  6.8400e-02  8.8000e-03 -2.2370e-01    1999.4    2008.6  HNPS_GPS
 -120.4795   35.8667 -3.4188e+01  1.8519e+01  2.5110e+00  5.6000e-02  7.1000e-02  2.3900e-01  4.7500e-02  3.8500e-02 -1.3840e-01    2001.5    2008.6  HOGS_GPS
 -117.8452   34.4582 -2.9870e+01  8.5460e+00 -3.7800e-01  7.4000e-02  1.2900e-01  2.7100e-01  5.5300e-02  1.2100e-02 -9.0100e-02    1997.0    2005.2  HOLC_GPS
 -118.1682   33.9245 -3.9013e+01  1.6033e+01 -1.4140e+00  8.6000e-02  1.2700e-01  3.0900e-01  6.1800e-02  1.5300e-02 -1.1160e-01    1997.0    2008.6  HOLP_GPS
 -123.0747   38.9952 -3.0170e+01  9.7420e+00  7.4500e-01  9.3000e-02  1.0100e-01  2.3600e-01  6.3900e-02  2.2900e-02 -1.7060e-01    1997.0    2008.6  HOPB_GPS
 -118.8212   37.6586 -2.0513e+01 -1.3760e+00 -8.6300e-01  4.5500e-01  2.4900e-01  8.3100e-01  8.2300e-02  9.8000e-03 -1.4500e-01    2002.0    2008.6  HOTK_GPS
 -120.4024   35.8808 -2.6828e+01  9.4350e+00  1.1780e+00  7.1000e-02  4.7000e-02  1.8200e-01  8.7000e-02 -1.3000e-02 -1.6620e-01    2001.6    2008.6  HUNT_GPS
 -119.1875   34.4412 -3.9079e+01  1.3983e+01 -8.7400e-01  7.6000e-02  5.0000e-02  2.0800e-01  8.2200e-02 -9.0000e-04 -1.2600e-01    2000.6    2008.6  HVYS_GPS
 -115.9114   34.7273 -1.5123e+01 -8.1700e+00  2.8300e-01  6.0000e-02  7.4000e-02  2.2300e-01  7.9300e-02  5.7000e-03 -1.4840e-01    2001.0    2008.6  I40A_GPS
 -115.0318   32.7062 -1.5069e+01 -6.2660e+00 -1.1510e+00  6.4000e-02  3.9000e-02  1.7700e-01  7.2800e-02 -1.0200e-02 -1.1450e-01    1999.6    2008.6  IID2_GPS
 -115.1451   34.1576 -1.4955e+01 -7.8410e+00 -2.7300e-01  7.4000e-02  5.2000e-02  2.0600e-01  8.2500e-02  2.9000e-03 -1.2810e-01    1999.4    2008.6  IMPS_GPS
 -118.4743   35.6623 -2.2441e+01  1.5300e-01  3.3500e-01  1.4400e-01  9.2000e-02  3.9100e-01  4.4800e-02  5.0700e-02 -2.2520e-01    1999.8    2008.6  ISLK_GPS
 -115.5068   32.8294 -2.5030e+01  1.0519e+01 -1.8960e+00  1.6100e-01  7.9000e-02  3.0600e-01  7.5800e-02 -2.0000e-02 -1.2270e-01    2000.2    2007.5  IVCO_GPS
 -119.0847   37.7717 -2.1342e+01 -1.3850e+00  3.6310e+00  2.6000e-01  2.1600e-01  6.5000e-01 -1.3000e-03  2.1000e-03 -7.6300e-02    1997.8    2007.5  JNPR_GPS
 -116.0990   36.4588 -1.5353e+01 -8.6510e+00  7.5000e-02  5.6000e-02  4.3000e-02  1.6500e-01  8.8000e-02 -1.8600e-02 -1.6520e-01    1999.3    2008.6  JOHN_GPS
 -118.1732   34.2048 -3.6880e+01  1.3995e+01  3.6200e-01  5.2000e-02  9.5000e-02  1.8400e-01  1.3040e-01 -5.5300e-02 -1.2990e-01    1997.0    2008.6  JPLM_GPS
 -119.0082   34.3985 -3.9088e+01  1.4801e+01  1.0100e-01  2.4800e-01  3.8700e-01  3.1100e-01  4.8200e-02 -1.4000e-03 -1.5260e-01    2001.0    2008.6  KBRC_GPS
 -118.9792   37.6591 -2.0920e+01 -2.3140e+00 -7.6600e-01  3.9600e-01  3.5300e-01  7.4400e-01  6.8500e-02  8.7000e-03 -1.6600e-01    1999.1    2008.6  KNOL_GPS
 -118.8805   37.7133 -2.0580e+01 -4.1740e+00 -2.9580e+00  3.2100e-01  5.1100e-01  1.2450e+00  7.6200e-02  2.2000e-02 -2.2780e-01    2002.0    2008.6  KRAC_GPS
 -116.1734   33.9254 -1.9370e+01 -1.2460e+00  8.2700e-01  5.9000e-02  8.5000e-02  2.0100e-01  7.3900e-02  2.6000e-03 -1.3120e-01    2001.5    2008.6  KYVW_GPS
 -120.4733   35.8998 -3.3751e+01  1.8612e+01  1.4460e+00  5.7000e-02  5.4000e-02  1.9200e-01  8.0200e-02  2.3800e-02 -1.4410e-01    1999.7    2008.6  LAND_GPS
 -118.5746   34.1819 -3.8067e+01  1.7910e+01 -9.0000e-02  1.4000e-01  5.5000e-02  2.6200e-01  7.6500e-02  1.1700e-02 -1.2910e-01    1999.5    2008.6  LAPC_GPS
 -118.3065   33.9279 -3.8449e+01  1.7167e+01 -8.4300e-01  7.8000e-02  5.9000e-02  1.6100e-01  7.1100e-02  1.6600e-02 -1.4860e-01    1998.8    2008.6  LASC_GPS
 -118.1372   33.8321 -3.7445e+01  1.7846e+01 -1.4760e+00  1.2300e-01  1.0400e-01  9.6900e-01  9.5200e-02 -1.6500e-01 -1.3720e-01    1998.8    2008.6  LBC1_GPS
 -118.1732   33.7916 -3.8663e+01  1.8035e+01  2.7390e+00  1.7400e-01  1.4600e-01  1.8700e-01  5.4600e-02  3.2900e-02 -1.6030e-01    1998.8    2008.6  LBC2_GPS
 -118.2033   33.7878 -3.9681e+01  1.7605e+01  1.7250e+00  2.2900e-01  1.8800e-01  3.9000e-01  1.0310e-01 -5.8900e-02 -1.8510e-01    1997.0    2008.6  LBCH_GPS
 -116.4328   34.2673 -1.7653e+01  6.3200e-01  2.4230e+00  4.7000e-02  6.5000e-02  1.4800e-01  7.9300e-02 -6.0000e-04 -1.3310e-01    1999.1    2008.6  LDES_GPS
 -116.2091   34.6994 -1.6791e+01 -7.2240e+00  1.3830e+00  5.9000e-02  8.9000e-02  1.6000e-01  6.2900e-02  2.6600e-02 -9.4000e-02    1999.8    2008.5  LDSW_GPS
 -118.3218   34.1346 -3.7694e+01  1.4694e+01 -3.4000e-02  8.3000e-02  5.1000e-02  1.8900e-01  6.5100e-02  7.5000e-03 -1.5360e-01    1997.0    2008.6  LEEP_GPS
 -116.8619   40.4035 -1.5336e+01 -1.0217e+01  6.4000e-01  8.2000e-02  1.0500e-01  3.0500e-01  6.0500e-02 -1.1500e-02 -1.6440e-01    1997.6    2008.6  LEWI_GPS
 -118.4128   34.0951 -3.8312e+01  1.5411e+01 -3.7600e-01  2.5600e-01  2.4000e-02  1.4000e-01  5.9600e-02  3.2800e-02 -1.7660e-01    1999.3    2008.6  LFRS_GPS
 -119.0173   37.6372 -1.9933e+01 -2.3300e-01 -2.7400e+00  3.1100e-01  2.3100e-01  6.7100e-01  8.2800e-02  1.3100e-02 -1.2050e-01    1999.1    2008.6  LINC_GPS
 -118.1392   34.6620 -2.7007e+01  7.3480e+00 -2.1590e+00  5.1000e-02  6.4000e-02  2.3700e-01  6.9400e-02  2.4800e-02 -1.2550e-01    1998.1    2008.6  LINJ_GPS
 -116.3082   36.7459 -1.5559e+01 -8.7570e+00 -2.7000e-01  5.0000e-02  3.9000e-02  1.2900e-01  8.1500e-02  1.6600e-02 -1.4260e-01    1999.1    2008.6  LITT_GPS
 -118.8677   34.8075 -3.1062e+01  8.0120e+00  7.5800e-01  1.1800e-01  1.8700e-01  5.1000e-01  8.8800e-02  7.2000e-03  5.5500e-02    2000.9    2008.6  LJRN_GPS
 -117.8350   34.4855 -2.8777e+01  8.0190e+00  2.0700e-01  5.5000e-02  6.7000e-02  2.0900e-01  8.9600e-02  2.1900e-02 -1.2070e-01    2000.6    2008.6  LL01_GPS
 -117.8379   34.5860 -2.6582e+01  6.4640e+00 -3.3500e-01  8.4000e-02  7.2000e-02  2.8600e-01  7.6900e-02  3.3700e-02 -1.5670e-01    1999.6    2008.6  LLAS_GPS
 -121.3502   38.8465 -2.2205e+01 -3.9430e+00  4.6200e-01  1.2000e-01  1.0900e-01  4.8700e-01  6.0200e-02  9.1000e-03 -1.7300e-01    2003.6    2008.6  LNC1_GPS
 -119.0579   36.3600 -2.1941e+01 -7.7000e-01  1.0160e+00  6.5000e-02  4.6000e-02  2.3800e-01  7.8900e-02  3.5000e-03 -1.5170e-01    1999.7    2008.6  LNCO_GPS
 -116.9397   35.0902 -1.8462e+01 -1.1360e+00 -5.2000e-02  9.5000e-02  7.4000e-02  2.9500e-01  7.0100e-02 -7.0000e-04 -9.3000e-02    2001.0    2008.6  LNMT_GPS
 -118.0034   34.1119 -3.6637e+01  1.3382e+01 -6.5600e-01  8.6000e-02  8.7000e-02  5.1900e-01  3.7200e-02 -6.5400e-02 -2.2670e-01    1997.0    2008.6  LONG_GPS
 -117.7541   34.1333 -3.5465e+01  1.2365e+01 -2.8600e-01  4.5000e-02  3.4000e-02  1.6000e-01  8.5600e-02  1.2100e-02 -1.4480e-01    1999.7    2008.6  LORS_GPS
 -120.5943   35.8287 -3.5788e+01  2.0958e+01  4.3200e-01  6.5000e-02  5.4000e-02  2.3000e-01  7.9700e-02  2.0800e-02 -1.4170e-01    2001.6    2008.6  LOWS_GPS
 -117.9567   34.0268 -3.9008e+01  1.5471e+01 -2.1230e+00  1.8400e-01  2.5200e-01  2.9200e-01  3.3300e-02  6.8000e-03 -3.4000e-02    1998.6    2006.2  LPHS_GPS
 -121.8652   37.2869 -3.1503e+01  1.2226e+01 -6.6400e-01  6.1000e-02  1.4000e-01  2.1100e-01  5.8400e-02  5.2600e-02 -1.7370e-01    1999.6    2008.6  LUTZ_GPS
 -119.1037   34.7336 -3.5411e+01  1.0626e+01  8.5700e-01  5.9000e-02  6.5000e-02  2.2200e-01  7.1900e-02  1.5100e-02 -1.0260e-01    1999.7    2008.6  LVMS_GPS
 -115.1913   36.1595 -1.4777e+01 -9.3640e+00 -1.3480e+00  1.6900e-01  1.5500e-01  4.7800e-01  5.8700e-02  1.3300e-02 -1.4210e-01    2001.0    2007.7  LVWD_GPS
 -120.4431   35.8326 -3.3971e+01  1.7594e+01  1.3480e+00  4.9000e-02  5.2000e-02  2.2100e-01  8.1500e-02  2.5500e-02 -1.4920e-01    2001.6    2008.6  MASW_GPS
 -117.4367   33.8568 -3.4848e+01  1.5080e+01  1.2400e-01  4.2000e-02  4.8000e-02  1.8500e-01  9.3100e-02  1.8400e-02 -1.2200e-01    2000.8    2008.6  MAT2_GPS
 -115.9790   36.6325 -1.5397e+01 -8.7830e+00 -2.0000e-01  5.2000e-02  4.8000e-02  1.7300e-01  8.4900e-02 -4.5000e-03 -2.0170e-01    1999.2    2008.6  MERC_GPS
 -121.6426   37.3415 -2.3902e+01 -1.0700e-01  4.8200e-01  1.1900e-01  1.1100e-01  2.1800e-01  6.1400e-02  3.9500e-02 -1.3880e-01    1997.0    2008.6  MHCB_GPS
 -118.2441   33.9391 -4.4195e+01  1.5340e+01 -2.7810e+00  7.6900e-01  4.1700e-01  7.9500e-01  3.8400e-02  2.8000e-03  1.3970e-01    1999.8    2008.6  MHMS_GPS
 -120.4588   35.9219 -2.4143e+01  1.0093e+01 -2.5800e-01  1.1800e-01  1.1400e-01  3.8100e-01  3.2000e-03  1.6520e-01 -1.7670e-01    1999.7    2008.6  MIDA_GPS
 -120.3514   34.0383 -4.1829e+01  2.5173e+01 -2.4300e-01  7.2000e-02  9.7000e-02  2.5600e-01  6.2300e-02  4.0800e-02 -1.6010e-01    2000.5    2008.6  MIG1_GPS
 -116.0955   40.1484 -1.5222e+01 -9.4820e+00 -2.3600e-01  1.2600e-01  6.4000e-02  2.7700e-01  3.5000e-02  4.3100e-02 -1.8300e-01    1997.8    2008.6  MINE_GPS
 -119.0609   37.6538 -2.0159e+01 -1.3010e+00  4.7200e-01  4.1900e-01  2.5200e-01  5.5200e-01  5.6900e-02  1.4100e-02 -1.6650e-01    1997.1    2008.6  MINS_GPS
 -117.5505   33.7145 -3.7082e+01  1.6671e+01 -3.3000e-01  1.7900e-01  7.0000e-02  2.0600e-01  9.7600e-02  2.1300e-02 -1.2360e-01    2001.5    2008.6  MJPK_GPS
 -117.3180   33.9184 -3.4237e+01  1.3886e+01  1.4200e-01  4.2000e-02  4.2000e-02  1.4500e-01  7.8300e-02  1.3300e-02 -1.3040e-01    1999.0    2008.6  MLFP_GPS
 -120.4341   35.9695 -2.2569e+01  6.3830e+00  2.1770e+00  6.1000e-02  1.1100e-01  2.1900e-01  6.6600e-02  1.6400e-02 -1.4420e-01    2001.6    2008.6  MNMC_GPS
 -121.8669   37.4853 -2.7388e+01  5.0930e+00  9.6000e-02  1.0300e-01  6.2000e-02  2.7000e-01  7.3900e-02  3.6700e-02 -1.4160e-01    1998.6    2008.6  MONB_GPS
 -116.7156   39.1477 -1.6034e+01 -9.2570e+00  1.5600e-01  8.2000e-02  6.1000e-02  1.8800e-01  7.9500e-02  6.5000e-03 -1.9470e-01    1999.2    2008.6  MONI_GPS
 -116.4223   32.8919 -3.8355e+01  1.7241e+01  2.5500e-01  5.2000e-02  4.7000e-02  1.5300e-01  1.1820e-01  4.3000e-03 -1.1620e-01    1997.0    2008.6  MONP_GPS
 -118.8780   34.2955 -3.9356e+01  1.8554e+01  5.3100e-01  6.4000e-02  6.6000e-02  2.0100e-01  6.6400e-02 -1.5000e-02 -1.5270e-01    1999.1    2008.6  MPWD_GPS
 -117.8817   34.1752 -3.5806e+01  1.1548e+01 -5.2000e-01  1.3100e-01  1.7200e-01  4.8500e-01 -9.4400e-02  3.5000e-03 -9.3900e-02    2000.3    2008.6  MRDM_GPS
 -117.2101   34.2308 -2.7379e+01  5.2390e+00  1.6500e+00  6.0000e-02  1.6800e-01  2.0100e-01  1.2000e-01 -1.0050e-01 -2.0750e-01    1998.8    2008.6  MSOB_GPS
 -118.2455   34.0552 -3.7832e+01  1.2659e+01  3.6760e+00  3.9800e-01  2.1100e-01  6.4600e-01  6.8200e-02 -1.6040e-01 -9.8100e-02    2001.1    2008.6  MTA1_GPS
 -119.3093   37.1699 -2.2159e+01 -1.9440e+00  1.6590e+00  6.6000e-02  7.7000e-02  4.0900e-01  4.2700e-02  5.2500e-02 -1.4250e-01    1997.8    2008.6  MUSB_GPS
 -119.0960   34.2616 -4.2797e+01  2.0011e+01 -1.3550e+00  3.5600e-01  1.8100e-01  8.7500e-01  6.2200e-02  3.7000e-03 -1.0400e-01    1998.6    2003.7  MUSD_GPS
 -116.5253   33.2109 -3.6176e+01  1.4552e+01 -1.1100e-01  7.2000e-02  4.3000e-02  2.1100e-01  7.0500e-02  5.9000e-03 -1.3560e-01    1999.2    2008.6  MVFD_GPS
 -118.9447   37.6405 -2.1555e+01 -1.5180e+00 -1.6380e+00  2.9400e-01  5.6400e-01  8.2200e-01  4.2800e-02  4.7400e-02 -1.4360e-01    1999.1    2008.3  MWTP_GPS
 -116.1482   34.5086 -1.4678e+01 -6.4640e+00 -1.2220e+00  6.2000e-02  4.6000e-02  2.0100e-01  6.8000e-02 -1.6900e-02 -1.0300e-01    2000.1    2008.6  NBPS_GPS
 -114.6186   34.7677 -1.4596e+01 -1.0741e+01 -5.8000e-02  2.0900e-01  3.5600e-01  2.8800e-01  7.1200e-02 -2.9900e-02 -1.5910e-01    2001.0    2008.6  NDAP_GPS
 -117.5089   39.6856 -1.6526e+01 -9.2360e+00  1.3490e+00  7.8000e-02  4.9000e-02  2.0900e-01  6.4400e-02 -2.8100e-02 -1.5180e-01    1997.8    2008.6  NEWS_GPS
 -118.7108   39.4216 -1.8086e+01 -6.8190e+00 -9.9800e-01  1.2400e-01  1.2700e-01  6.3400e-01  8.3600e-02  2.1000e-03 -1.4930e-01    2002.4    2006.3  NFLN_GPS
 -119.1413   34.4987 -3.8156e+01  1.2763e+01 -2.3000e-02  6.8000e-02  8.9000e-02  1.8600e-01  8.4600e-02  1.8800e-02 -1.4240e-01    2000.7    2008.6  NHRG_GPS
 -117.5696   33.9197 -3.4943e+01  1.4463e+01 -1.6000e-01  9.4000e-02  2.7500e-01  2.2100e-01  7.9000e-02  1.9800e-02 -1.2440e-01    2000.1    2008.6  NOCO_GPS
 -118.3480   33.9797 -3.6059e+01  1.6346e+01  1.1450e+00  2.8400e-01  2.0100e-01  2.6700e-01  6.5800e-02 -3.9400e-02 -5.2500e-02    1999.3    2008.6  NOPK_GPS
 -116.9727   32.5793 -3.8886e+01  1.8572e+01 -2.5800e-01  8.6000e-02  7.8000e-02  2.6000e-01  8.6400e-02  9.7000e-03 -1.2550e-01    2000.5    2008.6  NSSS_GPS
 -122.2463   37.9631 -2.4815e+01  9.4300e+00  1.6210e+00  7.2600e-01  1.1830e+00  2.1520e+00  1.9200e-02  1.5000e-03 -8.8000e-02    1997.0    1999.9  NUNE_GPS
 -116.0677   34.1410 -1.3652e+01 -4.8210e+00 -1.0230e+00  5.2500e-01  2.0600e-01  2.8100e-01  4.2900e-02  1.7100e-02 -1.6830e-01    1999.2    2008.6  OAES_GPS
 -118.6014   34.3299 -3.8014e+01  1.9126e+01  1.8440e+00  2.6300e-01  3.8600e-01  6.1100e-01  9.8400e-02 -1.2000e-03 -1.3140e-01    1997.0    2001.0  OAT2_GPS
 -117.7441   33.7659 -3.7902e+01  1.6761e+01  1.4600e-01  9.6000e-02  1.3000e-01  2.8400e-01  7.3500e-02  9.3000e-03 -1.2730e-01    2000.5    2008.6  OEOC_GPS
 -117.0418   33.1306 -3.8121e+01  1.7932e+01 -2.0400e-01  6.4000e-02  6.8000e-02  1.9600e-01  5.5900e-02  2.2200e-02 -1.1700e-01    2000.1    2008.3  OGHS_GPS
 -122.2730   38.0063 -2.6691e+01  6.1360e+00  2.0900e-01  8.2000e-02  9.2000e-02  3.4300e-01  4.6600e-02  8.1000e-03 -9.0500e-02    2001.9    2008.6  OHLN_GPS
 -115.9181   34.3699 -1.4408e+01 -7.1010e+00  2.0000e-02  5.5000e-02  4.6000e-02  1.6400e-01  8.0600e-02  5.6000e-03 -1.3620e-01    2000.0    2008.6  OPBL_GPS
 -116.3055   34.4277 -1.6892e+01 -2.7870e+00  1.6410e+00  8.0000e-02  5.8000e-02  1.7100e-01  7.5500e-02  2.1400e-02 -1.4960e-01    1999.9    2008.6  OPCL_GPS
 -116.0834   34.3671 -1.3873e+01 -5.6130e+00  8.7200e-01  7.0000e-02  5.1000e-02  1.9200e-01  6.3400e-02  9.4000e-03 -9.2000e-02    2000.0    2008.5  OPCP_GPS
 -116.1495   34.4301 -1.4891e+01 -6.0360e+00  1.0700e+00  7.8000e-02  4.6000e-02  2.2200e-01  9.4500e-02  1.4500e-02 -1.2770e-01    1999.8    2008.6  OPCX_GPS
 -116.2923   34.5330 -1.7275e+01 -4.4560e+00  2.1260e+00  6.8000e-02  7.0000e-02  2.0800e-01  7.2700e-02  1.2300e-02 -1.2980e-01    1999.8    2008.5  OPRD_GPS
 -120.2786   34.7391 -4.1364e+01  2.3000e+01 -4.6170e+00  7.9000e-02  6.0000e-02  2.2900e-01  5.8200e-02  3.7600e-02 -5.7300e-02    1999.8    2008.6  ORES_GPS
 -116.8151   34.6749 -2.2219e+01  5.2100e-01 -5.0000e-03  6.0000e-02  5.4000e-02  1.6800e-01  8.1500e-02  7.0000e-03 -1.3360e-01    2000.7    2008.6  ORMT_GPS
 -121.5003   39.5546 -2.2200e+01 -4.5410e+00  1.7000e-01  7.6000e-02  5.2000e-02  4.0700e-01  4.5100e-02  2.0500e-02 -1.5950e-01    1997.0    2008.6  ORVB_GPS
 -119.1419   34.3274 -3.9521e+01  1.8005e+01 -8.0900e-01  7.5000e-02  7.6000e-02  2.2900e-01  5.1500e-02  1.5580e-01 -1.5830e-01    1999.5    2008.6  OVLS_GPS
 -122.4243   37.4994 -3.6763e+01  2.0702e+01 -1.6600e+00  1.5200e-01  1.1400e-01  6.4500e-01  5.6700e-02 -5.4300e-02 -2.8610e-01    2004.1    2008.6  OXMT_GPS
 -118.2073   34.1288 -3.7518e+01  1.3822e+01 -2.0300e-01  4.7000e-02  2.7000e-02  1.6500e-01  8.3100e-02  2.3200e-02 -1.3290e-01    1999.8    2008.6  OXYC_GPS
 -119.3534   34.6834 -3.8462e+01  1.3311e+01  1.2200e+00  1.1700e-01  1.4900e-01  4.1700e-01  3.4500e-02 -2.5700e-02 -3.2800e-02    2000.9    2008.4  OZST_GPS
 -114.0050   32.7225 -1.4221e+01 -7.4850e+00  8.9800e-01  3.1300e-01  1.7400e-01  1.3480e+00  5.4700e-02 -6.4000e-03 -1.2580e-01    2006.1    2008.6  P003_GPS
 -119.0629   36.0274 -2.4143e+01 -1.0680e+00 -2.3291e+01  2.4600e-01  3.9200e-01  1.3570e+00  6.6100e-02  3.7000e-03 -1.5050e-01    2005.9    2008.6  P056_GPS
 -124.0754   40.8763 -1.0490e+01  5.0580e+00  1.0950e+00  3.0600e-01  2.4700e-01  1.4490e+00  4.0500e-02 -1.6490e-01 -1.9100e-01    2005.9    2008.6  P058_GPS
 -122.4149   40.9976 -1.8594e+01 -4.6430e+00  2.4740e+00  4.2700e-01  2.2400e-01  1.3960e+00 -6.3000e-03 -1.2600e-02 -1.8910e-01    2005.8    2008.6  P060_GPS
 -116.1698   32.6165 -3.8471e+01  1.7844e+01  7.1000e-02  1.7800e-01  1.0900e-01  6.9100e-01  6.8800e-02  1.7000e-03 -1.2540e-01    2004.6    2008.6  P066_GPS
 -121.0030   35.5517 -3.9789e+01  2.3591e+01  1.1210e+00  9.5000e-02  7.4000e-02  4.9800e-01  4.7500e-02  2.4000e-03 -1.3400e-01    2004.0    2008.6  P067_GPS
 -116.7409   39.5215 -1.6384e+01 -9.2620e+00  1.0170e+00  2.0800e-01  2.0700e-01  1.0860e+00  5.6500e-02  1.8600e-02 -1.8510e-01    2005.5    2008.6  P072_GPS
 -119.5369   39.6984 -1.9299e+01 -6.0500e+00  1.8800e+00  3.1100e-01  2.2500e-01  1.3780e+00  5.0200e-02 -2.1900e-02 -2.0230e-01    2005.8    2008.6  P095_GPS
 -119.5999   39.4992 -1.9513e+01 -5.6820e+00  1.1830e+00  2.1700e-01  1.7900e-01  1.0710e+00  7.2200e-02 -8.4900e-02 -1.8780e-01    2005.5    2008.6  P127_GPS
 -119.6243   41.3577 -1.7426e+01 -7.6430e+00  1.8740e+00  2.9600e-01  2.5600e-01  1.4310e+00  3.9400e-02  1.7000e-03 -1.4950e-01    2005.9    2008.6  P145_GPS
 -124.1072   40.4225 -1.6410e+01  1.0921e+01  1.7190e+00  5.2000e-01  2.6000e-01  1.1060e+00  3.9100e-02  1.0000e-02 -1.6990e-01    2004.6    2008.6  P158_GPS
 -124.1333   40.5513 -1.4099e+01  8.6850e+00  4.8900e-01  5.3400e-01  1.3700e-01  1.1190e+00  5.3700e-02  2.6100e-02 -1.5890e-01    2005.3    2008.6  P160_GPS
 -124.2131   40.6374 -1.0732e+01  9.4330e+00 -2.0850e+00  5.7100e-01  2.1800e-01  1.1180e+00  2.6600e-02 -5.0200e-02 -9.7000e-02    2005.3    2008.6  P161_GPS
 -124.2370   40.6911 -9.1260e+00  8.8360e+00 -2.0750e+00  2.3300e-01  1.2400e-01  8.7800e-01  3.4100e-02  2.1100e-02 -1.4970e-01    2004.7    2008.6  P162_GPS
 -123.6933   40.1193 -2.5719e+01  3.5320e+00 -7.0000e-02  3.3300e-01  1.8800e-01  8.3000e-01  5.3600e-02 -6.8000e-03 -2.4640e-01    2004.6    2008.6  P164_GPS
 -123.8628   40.4352 -1.8587e+01  4.2750e+00  2.2300e+00  2.4400e-01  2.3600e-01  1.4780e+00  6.7000e-02 -3.6900e-02 -2.5430e-01    2005.8    2008.6  P166_GPS
 -123.8802   40.5437 -1.6096e+01  3.3820e+00  1.1600e+00  2.8100e-01  3.6400e-01  1.5990e+00  3.3700e-02  2.3000e-03 -1.4310e-01    2005.7    2008.6  P167_GPS
 -123.8815   40.6686 -1.3749e+01  2.9770e+00  2.2490e+00  2.6100e-01  3.0200e-01  1.4540e+00  4.9900e-02 -5.9000e-03 -1.6890e-01    2005.7    2008.6  P168_GPS
 -123.9677   40.7911 -1.1304e+01  3.5200e+00  1.4380e+00  1.9200e-01  1.1900e-01  8.5800e-01  3.5400e-02  1.0200e-02 -1.5770e-01    2004.4    2008.6  P169_GPS
 -123.8633   40.8802 -1.3584e+01  3.3600e-01  1.7580e+00  1.9500e-01  1.4000e-01  8.2300e-01  3.7800e-02 -1.1000e-03 -2.0130e-01    2004.4    2008.6  P170_GPS
 -121.7925   36.4855 -4.0432e+01  2.5212e+01 -9.3000e-01  1.7400e-01  2.3700e-01  7.1000e-01  7.1600e-02  2.4100e-02 -1.5400e-01    2004.7    2008.6  P171_GPS
 -122.3768   37.9145 -3.0902e+01  1.3048e+01 -2.4070e+00  3.8100e-01  3.2700e-01  1.8500e+00  5.2300e-02  1.6200e-02 -1.5540e-01    2005.1    2008.6  P181_GPS
 -123.6025   39.3525 -3.4090e+01  1.2476e+01  4.7100e-01  2.2700e-01  2.9800e-01  1.4100e+00  7.8800e-02 -9.5500e-02 -2.1950e-01    2005.9    2008.6  P187_GPS
 -123.3484   38.9874 -3.2506e+01  1.4485e+01  2.8430e+00  2.3400e-01  1.8500e-01  1.3180e+00  6.4600e-02 -3.9200e-02 -2.1390e-01    2005.7    2008.6  P189_GPS
 -123.2040   39.2420 -2.9757e+01  6.7820e+00  2.5250e+00  2.4400e-01  1.8300e-01  1.2220e+00  5.2100e-02  1.5400e-02 -1.5790e-01    2005.5    2008.6  P190_GPS
 -123.1052   39.3197 -2.7237e+01  3.4950e+00  2.1240e+00  1.9400e-01  1.9000e-01  1.0920e+00  5.5400e-02  4.0000e-04 -1.8280e-01    2005.5    2008.6  P192_GPS
 -122.7674   38.4286 -2.9064e+01  1.3946e+01  5.2800e-01  2.7500e-01  2.1200e-01  1.2210e+00  6.2700e-02  1.6000e-02 -1.6200e-01    2005.6    2008.6  P197_GPS
 -122.6074   38.2599 -2.9332e+01  1.1441e+01 -1.1500e+00  2.9400e-01  2.6600e-01  9.5000e-01  6.2000e-02  1.5500e-02 -1.5630e-01    2004.7    2008.6  P198_GPS
 -122.5034   38.2637 -2.5712e+01  9.4730e+00 -1.1800e-01  3.9200e-01  3.1900e-01  1.6440e+00  6.3100e-02  5.1600e-02 -1.2630e-01    2005.9    2008.6  P199_GPS
 -122.4517   38.2398 -2.6657e+01  7.6890e+00 -1.7040e+00  2.4300e-01  1.2800e-01  1.1220e+00  5.4600e-02  2.0100e-02 -1.4630e-01    2005.7    2008.6  P200_GPS
 -121.7318   36.8161 -3.9937e+01  2.1588e+01  6.2100e-01  1.5400e-01  1.0500e-01  8.4800e-01  9.4300e-02  2.5900e-02 -1.4590e-01    2005.4    2008.6  P210_GPS
 -121.9908   37.2017 -3.3756e+01  1.6569e+01  1.3590e+00  2.2400e-01  1.5600e-01  1.0150e+00  4.8500e-02  4.8000e-02 -1.8910e-01    2005.4    2008.6  P213_GPS
 -121.6506   37.1045 -3.2465e+01  1.1662e+01  2.6200e-01  1.9100e-01  2.0700e-01  8.8100e-01  3.5200e-02  9.2000e-02 -1.6510e-01    2005.2    2008.6  P217_GPS
 -121.7140   37.2035 -3.2336e+01  1.2878e+01 -8.7400e-01  3.1500e-01  4.4400e-01  1.0570e+00  7.3300e-02 -2.0700e-02 -1.6980e-01    2005.5    2008.6  P218_GPS
 -122.0833   37.5392 -3.2205e+01  1.2801e+01  4.0500e-01  2.7400e-01  9.6000e-02  9.3900e-01  6.0200e-02  1.0400e-02 -1.4560e-01    2005.2    2008.6  P222_GPS
 -122.2191   37.8639 -2.7537e+01  7.1380e+00  4.5400e-01  1.9800e-01  2.0700e-01  8.1100e-01  5.3800e-02  3.7600e-02 -1.8080e-01    2005.2    2008.6  P224_GPS
 -122.0583   37.7139 -2.7972e+01  6.1580e+00  1.2100e+00  1.8400e-01  1.3400e-01  9.2300e-01  4.8000e-02  1.8600e-02 -1.4390e-01    2005.1    2008.6  P225_GPS
 -121.6869   37.6018 -2.4000e+01 -2.3820e+00  6.5600e-01  2.7800e-01  6.1600e-01  1.2360e+00  4.6000e-02 -3.1500e-02 -2.1000e-01    2005.9    2008.6  P228_GPS
 -121.9780   37.7494 -2.6276e+01  3.7580e+00  1.5350e+00  2.1100e-01  1.9100e-01  1.1180e+00  6.1300e-02  1.7600e-02 -1.5120e-01    2005.2    2008.6  P229_GPS
 -121.7864   37.8190 -2.1141e+01 -2.5800e-01 -3.7260e+00  4.9900e-01  5.5800e-01  1.3070e+00  8.2000e-02 -5.9900e-02 -2.3520e-01    2005.2    2008.6  P230_GPS
 -121.5545   36.9035 -3.3942e+01  1.4389e+01  3.0470e+00  2.9600e-01  1.7900e-01  1.2860e+00  5.8700e-02 -9.8000e-03 -1.3370e-01    2005.8    2008.6  P236_GPS
 -121.5420   37.0078 -3.1479e+01  1.2217e+01 -7.6400e-01  2.3900e-01  2.7200e-01  1.0330e+00  6.4100e-02  1.4300e-02 -1.5420e-01    2005.4    2008.6  P240_GPS
 -121.4632   36.9539 -3.1278e+01  1.0185e+01 -2.7560e+00  1.8000e-01  3.0500e-01  9.3100e-01  6.6400e-02  1.6700e-02 -1.3640e-01    2005.0    2008.6  P242_GPS
 -121.3545   37.0108 -2.4744e+01 -1.7440e+00  2.7110e+00  2.5700e-01  1.6000e-01  1.0990e+00  4.5600e-02 -1.1600e-02 -1.6160e-01    2005.9    2008.6  P244_GPS
 -121.0644   36.6116 -1.8788e+01 -1.9390e+00  1.4850e+00  7.0900e-01  6.9400e-01  1.6720e+00  5.4600e-02  1.3900e-02 -1.6270e-01    2005.4    2008.6  P249_GPS
 -121.0577   37.1696 -2.2592e+01 -3.0930e+00  2.0640e+00  2.4100e-01  1.7500e-01  1.1980e+00  4.2800e-02 -1.9000e-02 -1.7300e-01    2005.9    2008.6  P252_GPS
 -121.6048   37.9320 -2.3599e+01 -2.9360e+00 -1.0850e+00  1.7500e-01  1.6900e-01  8.8500e-01  4.1900e-02  2.2000e-03 -1.6230e-01    2005.2    2008.6  P256_GPS
 -121.4640   37.7553 -2.3272e+01 -3.1280e+00  1.9930e+00  2.1300e-01  1.8500e-01  1.1180e+00  6.2500e-02  2.0600e-02 -1.6670e-01    2005.9    2008.6  P257_GPS
 -121.1006   37.4330 -2.2178e+01 -2.9820e+00 -3.2200e+00  4.7000e-01  8.9600e-01  1.3630e+00  3.2900e-02 -4.0000e-04 -1.6670e-01    2005.6    2008.6  P259_GPS
 -122.2175   38.1530 -2.3769e+01  3.1380e+00 -1.0830e+00  3.0300e-01  2.2700e-01  6.0200e-01  5.8500e-02  2.4400e-02 -1.6300e-01    2004.4    2008.6  P261_GPS
 -122.0961   38.0251 -2.5083e+01  3.0330e+00  9.0100e-01  3.4400e-01  3.3100e-01  7.9300e-01  3.8600e-02  4.6900e-02 -2.0120e-01    2005.2    2008.6  P262_GPS
 -122.1953   38.4442 -2.3429e+01 -5.5900e-01  1.9360e+00  1.9400e-01  1.5600e-01  1.0220e+00  4.5900e-02  3.0000e-03 -1.8330e-01    2005.4    2008.6  P264_GPS
 -121.9542   38.5302 -2.2120e+01 -3.7740e+00 -1.7700e+00  2.3500e-01  1.6800e-01  1.2120e+00  5.6200e-02  1.2700e-02 -1.5630e-01    2005.7    2008.6  P265_GPS
 -121.8435   38.1840 -2.3070e+01 -3.3170e+00  1.0030e+00  2.5500e-01  1.5100e-01  1.5200e+00  5.1800e-02  1.0800e-02 -1.2980e-01    2005.4    2008.6  P266_GPS
 -121.8232   38.3803 -2.1337e+01 -2.5390e+00 -3.4880e+00  3.3400e-01  2.9000e-01  1.2130e+00  6.2700e-02  1.5000e-02 -1.5220e-01    2005.3    2008.6  P267_GPS
 -121.6464   38.4735 -2.4382e+01 -3.5770e+00 -2.8670e+00  4.2000e-01  1.4300e-01  8.8500e-01  6.3100e-02  1.6400e-02 -1.5830e-01    2005.3    2008.6  P268_GPS
 -122.0552   39.2438 -2.2252e+01 -4.7550e+00  7.7400e-01  2.1500e-01  1.7500e-01  1.2050e+00  5.7700e-02  1.4700e-02 -1.5950e-01    2005.4    2008.6  P270_GPS
 -121.7145   38.6574 -2.3452e+01 -4.1790e+00 -9.6500e-01  2.0300e-01  1.3300e-01  8.4000e-01  5.3400e-02  1.7400e-02 -1.6430e-01    2004.4    2008.6  P271_GPS
 -121.9431   39.1455 -2.2379e+01 -5.2720e+00 -8.8900e-01  2.5600e-01  1.6500e-01  1.1080e+00  5.0100e-02  1.7400e-02 -1.5570e-01    2005.8    2008.6  P272_GPS
 -121.3881   38.1158 -2.2529e+01 -4.5600e+00  8.2600e-01  4.4200e-01  3.2800e-01  1.5280e+00  3.6000e-02 -4.3000e-03 -9.2500e-02    2005.8    2008.6  P273_GPS
 -121.4605   38.2831 -2.3014e+01 -5.6790e+00  9.1800e-01  4.2300e-01  5.1200e-01  1.2450e+00  5.2600e-02 -8.7000e-03 -1.5670e-01    2005.8    2008.6  P274_GPS
 -121.0952   38.6453 -2.2758e+01 -3.9170e+00  3.1550e+00  2.1000e-01  1.4300e-01  1.1600e+00  6.2900e-02  7.9000e-03 -1.5830e-01    2005.9    2008.6  P276_GPS
 -121.0608   35.7112 -4.0225e+01  2.5048e+01 -2.8350e+00  1.7800e-01  1.3500e-01  5.8500e-01  5.9500e-02  1.2000e-02 -8.4300e-02    2004.1    2008.6  P278_GPS
 -120.3895   35.8411 -2.7617e+01  1.6067e+01 -1.3530e+00  2.6900e-01  1.1100e-01  8.9600e-01  2.9200e-02  6.3000e-03 -7.1700e-02    2004.9    2008.6  P281_GPS
 -120.3452   35.8378 -2.7202e+01  8.8850e+00  1.1400e+00  1.9300e-01  1.2800e-01  7.5900e-01  2.8000e-02 -1.9000e-03 -1.2390e-01    2004.8    2008.6  P282_GPS
 -120.2853   35.8067 -2.6727e+01  8.8390e+00  1.8060e+00  1.2600e-01  8.3000e-02  7.8800e-01  2.3800e-02  4.0000e-04 -7.9700e-02    2004.8    2008.6  P283_GPS
 -120.9068   35.9333 -3.7829e+01  2.1664e+01 -1.9390e+00  1.7900e-01  1.7900e-01  7.6000e-01  3.0700e-02  3.1000e-03 -8.9400e-02    2005.1    2008.6  P284_GPS
 -120.6978   36.0248 -3.8000e+01  1.9777e+01  7.2400e-01  1.5400e-01  1.3600e-01  6.5900e-01  1.7300e-02  7.9000e-03 -6.6000e-02    2005.1    2008.6  P287_GPS
 -120.8424   35.6971 -3.7803e+01  2.2765e+01  1.7230e+00  7.5000e-02  6.1000e-02  4.3200e-01  7.6000e-02 -1.0600e-02 -1.4440e-01    2004.0    2008.6  P295_GPS
 -120.5519   35.9741 -3.7188e+01  2.0473e+01  1.3610e+00  3.0600e-01  2.2800e-01  1.1910e+00  9.4000e-03 -1.1100e-02 -9.4500e-02    2005.8    2008.6  P297_GPS
 -120.2770   36.3044 -2.2440e+01 -8.7500e-01  8.2300e-01  7.1300e-01  5.6900e-01  6.2100e-01  3.0600e-02  3.7400e-02 -1.6390e-01    2005.0    2008.6  P300_GPS
 -120.7431   36.8063 -2.1828e+01 -2.1100e+00  5.6400e-01  1.5100e-01  8.4000e-02  6.3700e-01  6.2100e-02  7.4000e-03 -1.4380e-01    2005.0    2008.6  P301_GPS
 -120.6186   36.6347 -2.1497e+01 -1.6650e+00  7.0100e-01  5.2700e-01  1.5300e-01  5.8900e-01  5.0300e-02 -4.9000e-03 -1.2880e-01    2005.0    2008.6  P302_GPS
 -120.7053   37.0544 -2.2078e+01 -2.1050e+00 -1.2453e+01  1.8200e-01  1.9000e-01  1.3310e+00  4.3100e-02  1.0000e-03 -1.6500e-01    2005.6    2008.6  P303_GPS
 -120.3566   36.7390 -2.2176e+01 -1.8370e+00 -3.7150e+00  1.6200e-01  1.9700e-01  1.3320e+00  4.2600e-02  2.3000e-03 -1.7420e-01    2004.3    2008.6  P304_GPS
 -120.1968   37.3522 -2.2529e+01 -2.9340e+00  1.9110e+00  2.0200e-01  6.8000e-02  8.9500e-01  3.4600e-02 -1.8100e-02 -1.5550e-01    2005.6    2008.6  P305_GPS
 -120.0579   36.9473 -2.5172e+01 -1.0520e+00 -1.4449e+01  2.6400e-01  1.5300e-01  9.5900e-01  6.0800e-02  5.3000e-02 -1.1530e-01    2005.8    2008.6  P307_GPS
 -123.5818   39.6857 -3.4283e+01  7.8240e+00 -5.0600e-01  1.9500e-01  1.2300e-01  7.6300e-01  5.8800e-02  3.7200e-02 -1.6930e-01    2004.6    2008.6  P314_GPS
 -123.7169   39.8636 -3.3996e+01  8.3900e+00  5.9000e-02  2.1700e-01  1.8500e-01  9.8800e-01  4.5000e-03 -5.4600e-02 -1.6500e-01    2005.5    2008.6  P315_GPS
 -123.2951   39.7071 -2.8382e+01 -3.0550e+00  3.2210e+00  2.8700e-01  3.6600e-01  1.1970e+00  3.4800e-02  4.8700e-02 -1.7540e-01    2004.7    2008.6  P319_GPS
 -123.1745   40.5467 -2.0097e+01 -4.2220e+00  1.7360e+00  3.8000e-01  2.2400e-01  1.2510e+00  4.7600e-02  4.5000e-03 -1.4400e-01    2005.7    2008.6  P332_GPS
 -122.9230   40.7476 -1.9937e+01 -4.5440e+00  2.9080e+00  3.3000e-01  2.5400e-01  1.3540e+00  3.2100e-02  2.9800e-02 -1.8480e-01    2005.7    2008.6  P338_GPS
 -122.6069   40.6507 -2.0334e+01 -4.8010e+00  2.5150e+00  3.2800e-01  3.9500e-01  1.3030e+00  3.1400e-02  8.6500e-02 -1.9200e-01    2005.7    2008.6  P341_GPS
 -122.2708   40.2712 -2.1772e+01 -4.9670e+00  1.7340e+00  3.0000e-01  1.7000e-01  1.1650e+00  3.0000e-02  4.1700e-02 -1.9920e-01    2005.7    2008.6  P345_GPS
 -121.8280   40.9055 -1.9163e+01 -5.5590e+00  2.0230e+00  9.7700e-01  4.5400e-01  1.5590e+00  4.0300e-02  2.3600e-02 -1.8140e-01    2005.7    2008.6  P348_GPS
 -122.3193   40.7311 -1.9564e+01 -6.1550e+00  5.0150e+00  3.5900e-01  2.4400e-01  1.2580e+00  4.9100e-02 -1.2530e-01 -1.8290e-01    2005.8    2008.6  P349_GPS
 -117.3939   34.4624 -2.5387e+01  5.4770e+00  8.7400e-01  1.5000e-01  7.8000e-02  5.9800e-01  6.7600e-02  1.6300e-02 -1.4120e-01    2005.0    2008.6  P470_GPS
 -117.5409   33.5621 -3.6768e+01  1.7271e+01  7.1000e-01  2.0900e-01  1.0100e-01  8.9700e-01  7.3000e-02 -3.1000e-03 -1.5080e-01    2006.0    2008.6  P471_GPS
 -117.1047   32.8892 -3.8968e+01  1.7803e+01 -3.5000e-02  1.5300e-01  7.1000e-02  5.0300e-01  8.3800e-02  3.4000e-03 -1.1720e-01    2004.9    2008.6  P472_GPS
 -116.9495   32.7338 -3.9155e+01  1.8034e+01 -6.7000e-01  1.4900e-01  6.7000e-02  5.6400e-01  9.1900e-02  7.5000e-03 -1.1740e-01    2005.0    2008.6  P473_GPS
 -117.2487   33.3552 -3.7644e+01  1.7163e+01 -3.1000e-02  1.2300e-01  8.3000e-02  4.6500e-01  7.2500e-02  7.0000e-03 -1.3190e-01    2004.6    2008.6  P474_GPS
 -117.1897   33.4396 -3.6876e+01  1.6499e+01 -5.8300e-01  1.7600e-01  1.0200e-01  5.5600e-01  7.4400e-02  4.9000e-03 -1.2720e-01    2005.2    2008.6  P476_GPS
 -117.1134   33.5028 -3.5512e+01  1.5984e+01 -3.7530e+00  2.9800e-01  1.7300e-01  7.8100e-01  6.6200e-02  7.1000e-03 -1.3420e-01    2005.4    2008.6  P477_GPS
 -117.0716   33.2357 -3.7859e+01  1.7777e+01 -3.3600e-01  1.3200e-01  2.3500e-01  4.3700e-01  8.7100e-02 -1.9300e-02 -1.4380e-01    2004.6    2008.6  P478_GPS
 -116.7829   33.4933 -3.4123e+01  1.3962e+01  4.6100e-01  1.8400e-01  9.6000e-02  8.5500e-01  7.4300e-02 -3.5000e-03 -1.2700e-01    2005.5    2008.6  P479_GPS
 -116.3485   32.9760 -3.7668e+01  1.5848e+01  6.4300e-01  1.3300e-01  1.4000e-01  7.2200e-01  8.3700e-02 -2.3000e-03 -1.3050e-01    2004.6    2008.6  P480_GPS
 -116.6714   33.2402 -3.6534e+01  1.5720e+01  1.1330e+00  1.5300e-01  1.4100e-01  5.8300e-01  6.6800e-02 -1.3100e-02 -1.3090e-01    2004.5    2008.6  P482_GPS
 -116.5693   33.0592 -3.7607e+01  1.6724e+01  4.9000e-01  2.2700e-01  7.1000e-02  5.3700e-01  8.7400e-02  6.1000e-03 -1.2060e-01    2004.6    2008.6  P483_GPS
 -116.6208   33.3756 -3.4869e+01  1.3962e+01 -1.0800e-01  1.8900e-01  8.6000e-02  6.7500e-01  8.5000e-02 -1.7600e-02 -1.6300e-01    2005.5    2008.6  P484_GPS
 -116.3223   33.2602 -3.3993e+01  1.2916e+01 -3.6630e+00  1.9200e-01  9.6000e-02  9.5000e-01  7.0900e-02  3.6000e-03 -1.3820e-01    2005.1    2008.6  P486_GPS
 -116.2268   33.5747 -2.5926e+01  5.9840e+00  1.0910e+00  1.9300e-01  1.6700e-01  7.9400e-01  8.3700e-02  2.3500e-02 -5.9400e-02    2005.5    2008.6  P491_GPS
 -115.7321   32.7597 -3.3846e+01  1.7538e+01  2.2000e-01  4.6300e-01  3.4200e-01  8.1200e-01  6.2600e-02 -1.4900e-02 -1.4390e-01    2005.2    2008.6  P494_GPS
 -115.6284   33.0450 -2.1758e+01  6.9590e+00 -4.5440e+00  2.0000e-01  1.0700e-01  7.9700e-01  7.5600e-02 -2.8000e-03 -1.2840e-01    2005.8    2008.6  P495_GPS
 -115.5959   32.7506 -3.6607e+01  2.2434e+01  2.9670e+00  6.7200e-01  6.5200e-01  1.2070e+00  6.2700e-02 -1.0000e-02 -1.2970e-01    2005.9    2008.6  P496_GPS
 -115.5770   32.8347 -2.7178e+01  1.4712e+01  6.7500e-01  2.9300e-01  2.1000e-01  1.0210e+00  7.7200e-02 -6.7000e-03 -1.1550e-01    2006.0    2008.6  P497_GPS
 -115.5696   32.8984 -2.4260e+01  1.1843e+01 -1.0510e+00  2.3900e-01  1.6300e-01  8.5800e-01  7.3500e-02 -1.2500e-02 -1.3430e-01    2005.3    2008.6  P498_GPS
 -115.4879   32.9796 -1.7257e+01 -3.1080e+00 -3.2500e+00  2.4900e-01  1.6700e-01  9.7100e-01  7.6400e-02 -5.1000e-02 -1.2320e-01    2006.0    2008.6  P499_GPS
 -115.2999   32.6900 -1.6032e+01  6.6900e-01 -4.1700e-01  2.9400e-01  1.4700e-01  9.2300e-01  7.5600e-02 -2.8000e-03 -1.2370e-01    2005.3    2008.3  P500_GPS
 -115.3979   32.8758 -1.4056e+01 -2.9250e+00 -1.1820e+00  1.9600e-01  2.1300e-01  8.2500e-01  7.1800e-02 -1.3900e-02 -1.2780e-01    2005.2    2008.6  P501_GPS
 -115.4219   32.9825 -1.5085e+01 -4.3780e+00 -2.1660e+00  2.2000e-01  1.6100e-01  8.9800e-01  7.2900e-02 -1.7000e-03 -1.1850e-01    2005.9    2008.6  P502_GPS
 -115.7658   33.5164 -1.9387e+01 -3.9900e+00 -3.5600e-01  1.5100e-01  1.8800e-01  8.2500e-01  8.9200e-02 -4.3200e-02 -1.7950e-01    2005.3    2008.6  P504_GPS
 -115.5102   33.0814 -1.6170e+01 -4.0870e+00 -3.8150e+00  5.1700e-01  1.5300e-01  7.7800e-01  6.6800e-02 -1.6200e-02 -1.3270e-01    2005.2    2008.6  P506_GPS
 -115.6124   33.2000 -2.0819e+01 -1.0223e+01 -1.4173e+01  2.2500e-01  1.4800e-01  1.1160e+00  7.9200e-02 -8.5000e-03 -1.3060e-01    2005.7    2008.6  P507_GPS
 -115.4287   33.2478 -1.5639e+01 -6.2320e+00 -9.0000e-01  1.8200e-01  7.5000e-02  9.6200e-01  6.5800e-02  1.6000e-03 -1.2830e-01    2005.8    2008.6  P508_GPS
 -115.2939   32.8907 -1.2149e+01 -5.2000e+00 -3.7580e+00  2.4700e-01  1.5900e-01  1.0330e+00  7.3700e-02 -4.0000e-03 -1.2610e-01    2006.0    2008.6  P509_GPS
 -115.3433   33.1436 -1.4592e+01 -6.4370e+00 -4.9300e-01  2.5800e-01  9.2000e-02  1.2120e+00  4.7800e-02  2.7800e-02 -1.7260e-01    2006.0    2008.6  P510_GPS
 -115.2961   33.8869 -1.5276e+01 -7.4720e+00 -9.7900e-01  1.9900e-01  1.4200e-01  9.5800e-01  7.8800e-02  3.0100e-02 -1.1440e-01    2005.5    2008.6  P511_GPS
 -120.8697   35.6360 -3.6870e+01  2.3858e+01 -4.1940e+00  1.2900e-01  1.1600e-01  6.2100e-01  6.5500e-02 -1.4000e-03 -1.4790e-01    2004.0    2008.6  P526_GPS
 -120.4804   35.6248 -3.6339e+01  2.1531e+01 -5.2300e-01  1.8000e-01  2.0100e-01  7.3000e-01  4.1800e-02  7.0000e-04 -1.6390e-01    2005.5    2008.6  P530_GPS
 -120.2670   35.6338 -3.3498e+01  1.5727e+01  1.2340e+00  9.7000e-02  8.2000e-02  6.1000e-01  5.5000e-02 -2.9000e-03 -9.4400e-02    2004.8    2008.6  P532_GPS
 -120.1820   35.7027 -2.7784e+01  8.9290e+00  2.0760e+00  1.1800e-01  7.7000e-02  5.2300e-01  6.8300e-02  6.4000e-03 -9.6800e-02    2004.8    2008.5  P539_GPS
 -120.0007   35.6867 -2.4376e+01  4.6870e+00  1.9360e+00  1.3500e-01  1.0600e-01  7.5800e-01  3.9500e-02  1.0200e-02 -1.6650e-01    2005.5    2008.6  P541_GPS
 -119.7380   35.7313 -2.0837e+01  8.8700e-01 -2.0370e+00  4.1400e-01  1.1700e-01  1.2140e+00  4.4100e-02  5.0000e-04 -1.6690e-01    2006.0    2008.6  P544_GPS
 -119.9094   35.9347 -2.0871e+01  2.4340e+00  1.6120e+00  1.5700e-01  1.4600e-01  9.6500e-01  3.8700e-02  5.0000e-04 -1.6430e-01    2006.0    2008.6  P547_GPS
 -118.8790   34.8351 -3.0494e+01  7.8370e+00  2.7490e+00  1.6700e-01  1.9800e-01  7.9500e-01  8.8700e-02 -8.1000e-03 -1.5280e-01    2005.7    2008.6  P553_GPS
 -118.5455   34.7711 -2.6176e+01  6.5270e+00  1.6350e+00  1.7200e-01  2.7600e-01  1.0450e+00  6.3600e-02  1.1000e-03 -1.4530e-01    2005.8    2008.6  P556_GPS
 -118.6556   34.9444 -2.6109e+01  4.7370e+00  1.4980e+00  2.4300e-01  2.4500e-01  1.0100e+00  5.8600e-02  3.0300e-02 -1.8940e-01    2005.7    2008.6  P557_GPS
 -118.6176   34.8389 -2.6139e+01  6.5940e+00  1.0070e+00  3.1100e-01  3.5600e-01  9.1000e-01  7.4300e-02  7.0000e-04 -1.3630e-01    2005.8    2008.5  P559_GPS
 -118.5409   34.8218 -2.6036e+01  6.7940e+00  3.2400e-01  1.9500e-01  1.8400e-01  8.0000e-01  6.3300e-02 -5.0000e-03 -2.0180e-01    2005.2    2008.6  P560_GPS
 -118.3991   34.6185 -3.1864e+01  1.0172e+01  2.3200e-01  5.8500e-01  3.3300e-01  1.6530e+00  2.4190e-01 -4.2490e-01 -3.4170e-01    2005.4    2008.6  P561_GPS
 -118.1887   34.9821 -2.2282e+01  4.3400e+00  5.2000e-02  1.2100e-01  9.0000e-02  5.6500e-01  7.5400e-02  4.5000e-03 -1.3810e-01    2004.6    2008.6  P562_GPS
 -119.4212   35.4187 -2.3504e+01  2.9450e+00 -6.1850e+00  2.9800e-01  3.0800e-01  1.2700e+00  6.5000e-02  1.5500e-02 -1.2100e-01    2006.0    2008.6  P563_GPS
 -119.2366   35.7439 -2.6885e+01 -3.8600e-01 -1.7571e+01  7.7000e-01  3.2400e-01  2.9630e+00  5.4600e-02  1.1000e-03 -1.5770e-01    2005.9    2008.6  P565_GPS
 -119.2293   36.3245 -2.3080e+01 -1.4950e+00 -1.0583e+01  1.5600e-01  1.4000e-01  9.1200e-01  5.6800e-02  8.0000e-03 -1.5810e-01    2005.9    2008.6  P566_GPS
 -118.7536   35.4209 -2.3501e+01  5.9100e-01  1.7430e+00  1.3700e-01  7.8000e-02  6.5300e-01  8.8900e-02 -1.7700e-02 -1.8040e-01    2005.6    2008.6  P567_GPS
 -118.7667   36.2314 -2.1462e+01 -5.4000e-01  2.5080e+00  1.9100e-01  9.1000e-02  8.5500e-01  7.9400e-02 -2.8300e-02 -1.8080e-01    2005.6    2008.6  P571_GPS
 -120.9700   35.6697 -4.0708e+01  2.1897e+01 -2.3230e+00  3.1300e-01  2.1000e-01  6.9000e-01  6.8900e-02  5.8000e-03 -2.3060e-01    2004.0    2008.6  P576_GPS
 -117.3189   34.3046 -2.7167e+01  6.5220e+00  2.6020e+00  2.6400e-01  2.7300e-01  1.3050e+00  6.2700e-02  1.5100e-02 -1.4530e-01    2005.0    2008.6  P577_GPS
 -117.7290   34.5097 -2.6393e+01  7.1340e+00  1.0260e+00  1.3900e-01  6.2000e-02  7.9700e-01  7.2800e-02  3.5000e-03 -1.4000e-01    2006.0    2008.6  P581_GPS
 -117.5434   34.9870 -2.0723e+01  3.1900e+00 -7.3500e-01  1.5000e-01  7.5000e-02  7.0700e-01  7.8500e-02 -2.7000e-03 -1.6300e-01    2005.8    2008.6  P583_GPS
 -116.9516   33.8926 -2.8362e+01  1.0010e+01  2.1760e+00  1.3300e-01  6.9000e-02  4.7300e-01  6.5900e-02  2.1000e-03 -1.3450e-01    2004.4    2008.6  P584_GPS
 -117.2805   34.5348 -2.4495e+01  4.3840e+00  5.8300e-01  1.9100e-01  1.6700e-01  7.4600e-01  3.4100e-02  1.2960e-01 -1.9560e-01    2005.4    2008.6  P586_GPS
 -117.2676   34.7854 -2.1909e+01  2.8500e+00 -2.9600e-01  9.9000e-02  1.0600e-01  6.3000e-01  4.1300e-02 -2.7400e-02 -7.5300e-02    2005.1    2008.6  P588_GPS
 -117.1102   34.6207 -2.2968e+01  3.0210e+00  5.8200e-01  1.3800e-01  1.4400e-01  6.1100e-01  7.3200e-02  3.1000e-03 -1.4260e-01    2005.0    2008.6  P589_GPS
 -118.0165   35.1524 -2.0789e+01  3.3270e+00 -5.9000e-02  9.3000e-02  1.0300e-01  7.7200e-01  7.3900e-02  5.1000e-03 -1.4340e-01    2005.5    2008.6  P591_GPS
 -117.3901   35.8967 -1.9021e+01 -3.1590e+00  7.4500e-01  2.4600e-01  1.6300e-01  6.5700e-01  6.2600e-02  4.2200e-02 -2.3020e-01    2005.1    2008.6  P594_GPS
 -117.4028   35.6976 -1.9491e+01 -1.6320e+00  1.8900e-01  1.8300e-01  1.8400e-01  1.0350e+00  6.4400e-02  4.0000e-04 -1.4840e-01    2005.8    2008.6  P595_GPS
 -116.2119   33.8658 -2.0534e+01  7.6200e-01  9.9000e-01  2.7800e-01  1.7700e-01  9.3700e-01  7.9700e-02  4.7000e-03 -1.3500e-01    2005.1    2008.6  P600_GPS
 -116.8796   34.4621 -2.3131e+01  2.8150e+00  6.6600e-01  1.6000e-01  1.7700e-01  9.3400e-01  6.5600e-02 -6.4000e-03 -1.5160e-01    2005.8    2008.6  P606_GPS
 -117.3155   34.1874 -2.9057e+01  8.2640e+00  1.2430e+00  2.2200e-01  4.4800e-01  9.4800e-01  8.8200e-02 -2.5700e-02 -1.6490e-01    2005.5    2008.6  P612_GPS
 -116.1039   35.1419 -1.6104e+01 -8.3480e+00  3.7800e-01  1.7000e-01  1.1300e-01  8.3800e-01  5.4000e-02  5.7200e-02 -1.6900e-01    2006.0    2008.6  P618_GPS
 -115.5439   35.4728 -1.5164e+01 -8.5430e+00  4.2300e-01  2.1000e-01  1.7000e-01  7.4600e-01  7.1400e-02  3.7000e-03 -1.5820e-01    2005.7    2008.6  P621_GPS
 -115.3659   35.1630 -1.4842e+01 -8.4310e+00  2.5000e-02  1.3500e-01  1.4700e-01  7.4600e-01  6.1500e-02  1.7900e-02 -1.6960e-01    2005.8    2008.6  P622_GPS
 -114.5994   34.1889 -1.4808e+01 -7.6630e+00 -9.2800e-01  1.9400e-01  9.0000e-02  7.1800e-01  7.8700e-02 -1.0600e-02 -1.4200e-01    2005.5    2008.6  P623_GPS
 -115.2383   35.2911 -1.4729e+01 -8.5080e+00  3.2000e-01  1.9400e-01  2.1000e-01  8.5500e-01  6.4400e-02 -3.3000e-03 -1.5750e-01    2005.8    2008.6  P626_GPS
 -121.5069   41.7116 -1.6959e+01 -6.4970e+00  1.0600e-01  3.1200e-01  4.5900e-01  1.2370e+00  4.7100e-02  1.0600e-02 -1.6900e-01    2005.7    2008.6  P672_GPS
 -122.4189   37.8531 -3.3475e+01  1.0835e+01 -1.3710e+00  1.4300e-01  1.4000e-01  3.4400e-01  3.8400e-02  1.8900e-02 -1.4270e-01    1997.0    2004.2  PBL1_GPS
 -117.9226   34.5082 -2.9147e+01  8.1010e+00 -1.8500e-01  6.3000e-02  8.1000e-02  1.8800e-01  8.0200e-02 -6.0000e-03 -1.3890e-01    2001.3    2008.6  PBPP_GPS
 -116.6864   36.9018 -1.5863e+01 -8.4390e+00  7.6000e-02  4.7000e-02  3.9000e-02  1.5000e-01  9.6700e-02  8.0000e-04 -1.6580e-01    1999.2    2008.6  PERL_GPS
 -117.6945   34.9254 -2.1799e+01  3.8130e+00 -7.5500e-01  4.8000e-02  3.4000e-02  1.3400e-01  7.2300e-02  1.3400e-02 -1.5490e-01    1999.5    2008.6  PHLB_GPS
 -116.4582   33.6122 -2.7379e+01  8.0170e+00  1.2360e+00  7.4000e-02  6.7000e-02  2.2100e-01  7.2000e-02  1.7000e-02 -1.2070e-01    1997.0    2008.6  PIN1_GPS
 -116.4576   33.6121 -2.7631e+01  7.7620e+00  1.3790e+00  8.2000e-02  8.0000e-02  2.1000e-01  8.5700e-02  4.0000e-03 -1.2080e-01    1997.0    2008.6  PIN2_GPS
 -120.5416   35.9452 -3.5135e+01  2.0042e+01 -1.4190e+00  6.4000e-02  6.7000e-02  1.9700e-01  2.3500e-02  1.4400e-01 -1.8770e-01    1997.0    2008.6  PKDB_GPS
 -118.2329   34.0716 -3.7385e+01  1.3827e+01 -6.3700e-01  1.5300e-01  1.6600e-01  3.4700e-01  6.6900e-02 -8.9600e-02 -1.7930e-01    2000.7    2008.6  PKRD_GPS
 -117.2430   32.6654 -3.8935e+01  1.9796e+01 -1.4040e+00  2.0900e-01  2.3100e-01  4.8500e-01  5.2800e-02 -1.5050e-01 -1.5410e-01    1997.3    2006.4  PLO3_GPS
 -118.1537   33.9026 -3.8766e+01  1.6357e+01 -1.4860e+00  7.3000e-02  9.1000e-02  4.1800e-01  6.7700e-02  8.1000e-03 -1.1440e-01    1998.6    2007.8  PMHS_GPS
 -116.8595   33.3572 -3.6518e+01  1.6064e+01  5.0100e-01  7.3000e-02  7.0000e-02  1.6700e-01  8.2600e-02  2.8000e-02 -1.3780e-01    1998.9    2008.6  PMOB_GPS
 -119.0569   37.8314 -2.1689e+01 -8.8600e-01  1.5130e+00  1.6100e-01  1.7000e-01  5.5000e-01  7.6700e-02  2.6300e-02 -1.8580e-01    2001.3    2008.6  PMTN_GPS
 -116.1198   36.5796 -1.5371e+01 -8.7120e+00 -2.7800e-01  5.6000e-02  4.1000e-02  1.9100e-01  7.5600e-02  5.2000e-03 -1.9660e-01    1999.3    2008.6  POIN_GPS
 -120.4784   35.9199 -3.3435e+01  1.7330e+01  1.6290e+00  6.9000e-02  9.6000e-02  1.4700e-01  7.3300e-02  1.6900e-02 -1.6110e-01    1999.6    2008.6  POMM_GPS
 -121.9354   38.2026 -2.2157e+01 -2.5200e+00  4.2600e-01  1.5600e-01  8.6000e-02  4.6700e-01  4.1900e-02  4.0900e-02 -1.6090e-01    1998.9    2005.1  POTB_GPS
 -117.1821   33.8357 -3.4101e+01  1.3959e+01  7.8600e-01  5.8000e-02  6.2000e-02  1.5100e-01  6.8200e-02 -2.2400e-02 -1.4050e-01    1999.0    2008.6  PPBF_GPS
 -122.3899   37.1871 -3.9472e+01  2.4060e+01 -3.6400e-01  1.1500e-01  9.8000e-02  2.9100e-01 -2.3000e-03 -4.9000e-03 -1.5390e-01    1997.4    2006.4  PPT1_GPS
 -116.4940   33.8192 -2.5206e+01  6.7880e+00 -1.0000e-03  7.2000e-02  6.8000e-02  2.7000e-01  8.6000e-02  1.4400e-02 -1.2010e-01    1999.7    2008.6  PSAP_GPS
 -117.8071   34.0918 -3.6118e+01  1.2980e+01 -5.7200e-01  4.3000e-02  3.7000e-02  1.6400e-01  6.7900e-02 -8.0000e-04 -5.7400e-02    1999.8    2008.6  PSDM_GPS
 -123.0187   37.9962 -3.7505e+01  2.4573e+01 -1.1240e+00  8.4000e-02  6.7000e-02  2.8900e-01  7.5700e-02  9.8000e-03 -1.6030e-01    1998.6    2008.6  PTRB_GPS
 -118.4043   33.7433 -3.9597e+01  1.9428e+01 -3.4400e-01  6.1000e-02  7.8000e-02  2.2200e-01  8.4400e-02  1.7500e-02 -1.3960e-01    2000.7    2008.6  PVE3_GPS
 -118.3722   33.7795 -3.9175e+01  1.9273e+01 -6.4700e-01  1.5100e-01  9.0000e-02  2.6800e-01  6.7000e-02  4.7800e-02 -2.9650e-01    1999.5    2008.6  PVHS_GPS
 -118.3206   33.7739 -3.9009e+01  1.8878e+01  6.3500e-01  8.6000e-02  6.3000e-02  2.0200e-01  2.8000e-03  7.3500e-02 -1.2840e-01    1999.1    2008.6  PVRS_GPS
 -118.2448   34.6287 -2.8596e+01  8.7480e+00 -4.5800e-01  7.4000e-02  8.7000e-02  2.2700e-01  6.6100e-02  6.1000e-02 -7.0300e-02    1999.5    2007.9  QHTP_GPS
 -120.9444   39.9746 -2.0985e+01 -4.5280e+00  1.1400e+00  1.7000e-01  1.4800e-01  4.1100e-01  6.6300e-02 -1.0800e-02 -1.7510e-01    1997.0    2008.6  QUIN_GPS
 -116.9172   33.0422 -3.8333e+01  1.7359e+01 -4.4100e-01  1.6800e-01  8.9000e-02  5.2400e-01  7.8700e-02  9.5000e-03 -1.2780e-01    2005.1    2008.6  RAAP_GPS
 -115.6648   38.2804 -1.5989e+01 -9.1990e+00 -1.3700e-01  6.8000e-02  7.9000e-02  1.9700e-01  7.8100e-02 -3.6500e-02 -1.8600e-01    1999.4    2008.6  RAIL_GPS
 -117.6833   35.3387 -1.9191e+01  1.3040e+00 -6.7700e-01  2.2500e-01  1.1800e-01  1.5500e-01  7.6600e-02  1.3700e-02 -1.4370e-01    2000.7    2008.6  RAMT_GPS
 -119.7200   34.5000 -4.1476e+01  1.8485e+01  1.2570e+00  4.2500e-01  2.1200e-01  2.1400e-01  8.0200e-02  3.6000e-02 -1.4970e-01    2000.7    2008.6  RCA2_GPS
 -116.6247   34.6439 -2.1601e+01 -1.4540e+00  9.7700e-01  6.5000e-02  4.1000e-02  1.5000e-01  8.2200e-02  1.2600e-02 -1.4120e-01    1999.9    2008.6  RDMT_GPS
 -118.8979   37.6771 -2.0568e+01 -2.4930e+00 -9.9400e-01  1.6800e-01  1.2900e-01  9.4900e-01  9.0800e-02 -1.7800e-02 -1.1640e-01    1999.1    2008.6  RDOM_GPS
 -116.5543   36.7154 -1.5682e+01 -8.5360e+00  4.0000e-02  4.7000e-02  2.7000e-02  1.4000e-01  9.9000e-02  2.3000e-03 -1.5520e-01    1999.2    2008.6  RELA_GPS
 -116.4683   36.8404 -1.5759e+01 -8.6180e+00 -1.9000e-01  4.1000e-02  2.9000e-02  1.3300e-01  8.3600e-02 -9.0000e-04 -1.8590e-01    1999.2    2008.6  REPO_GPS
 -118.0262   34.0190 -3.7837e+01  1.4836e+01 -4.6200e-01  8.6000e-02  1.3000e-01  2.6900e-01  4.2100e-02 -7.4900e-02 -3.6100e-02    1999.0    2008.6  RHCL_GPS
 -120.5248   35.9000 -3.5121e+01  1.9247e+01  4.7100e-01  2.5000e-01  2.0200e-01  2.4900e-01  6.6700e-02  2.3800e-02 -1.1080e-01    2001.6    2008.6  RNCH_GPS
 -116.6098   33.6110 -2.9825e+01  9.6040e+00  4.4700e-01  1.1700e-01  7.9000e-02  2.5900e-01  1.0540e-01 -1.2230e-01 -1.7870e-01    1997.0    2006.2  ROCH_GPS
 -118.6764   34.2357 -3.7618e+01  1.7836e+01  3.4500e-01  7.2000e-02  6.9000e-02  1.8900e-01  7.9000e-02  3.7000e-02 -8.3100e-02    1997.0    2008.6  ROCK_GPS
 -117.0855   36.2179 -1.6741e+01 -5.8740e+00 -3.5600e-01  1.2400e-01  9.0000e-02  2.8700e-01  8.6800e-02 -1.5300e-02 -1.9500e-01    1999.2    2008.6  ROGE_GPS
 -118.1929   34.8751 -2.3436e+01  5.3480e+00 -6.5900e-01  2.1000e-02  3.7000e-02  1.5400e-01  7.6200e-02  9.0000e-03 -1.3220e-01    1999.5    2008.6  RSTP_GPS
 -119.1844   34.5415 -3.8411e+01  1.3107e+01  5.4000e-01  1.0800e-01  1.4500e-01  4.2800e-01  8.0500e-02 -8.7300e-02 -1.0330e-01    2000.7    2008.4  RSVY_GPS
 -117.3533   34.0891 -3.1609e+01  1.1765e+01 -8.7800e-01  1.0100e-01  1.9900e-01  2.0800e-01  7.5400e-02  4.8000e-03 -1.3100e-01    1998.2    2008.6  RTHS_GPS
 -115.1228   40.6172 -1.6614e+01 -9.2130e+00 -5.8000e-02  5.9000e-02  5.3000e-02  1.8300e-01  7.3500e-02  2.4000e-03 -2.1350e-01    1997.0    2008.6  RUBY_GPS
 -116.6501   36.3163 -1.5668e+01 -8.0380e+00 -1.7000e-02  4.1000e-02  3.7000e-02  1.4200e-01  9.5100e-02  1.6000e-03 -1.5710e-01    1999.2    2008.6  RYAN_GPS
 -121.5583   37.6665 -2.2619e+01 -2.2750e+00  3.2000e-01  1.2600e-01  1.1100e-01  3.6300e-01  3.0400e-02 -1.6000e-02 -1.5650e-01    1999.3    2005.4  S300_GPS
 -117.8956   33.7432 -3.8365e+01  1.5874e+01 -1.9140e+00  3.5300e-01  2.5100e-01  1.2490e+00  6.0000e-02  1.2200e-02 -1.9400e-01    1999.5    2008.6  SACY_GPS
 -121.4472   36.7653 -4.0430e+01  2.3851e+01  1.0590e+00  1.3600e-01  1.5000e-01  1.9700e-01  2.7500e-02  1.1040e-01 -1.3520e-01    1997.5    2008.6  SAOB_GPS
 -118.9532   37.6899 -2.0669e+01 -2.7020e+00 -1.6220e+00  4.4500e-01  2.0100e-01  1.5000e+00  8.3100e-02 -7.6700e-02 -1.8060e-01    2001.3    2008.6  SAWC_GPS
 -117.6615   33.5530 -3.8016e+01  1.8073e+01 -7.0800e-01  5.1000e-02  4.7000e-02  1.9600e-01  6.2700e-02  2.1000e-02 -1.6100e-01    1999.9    2008.6  SBCC_GPS
 -122.4104   37.6862 -3.2862e+01  1.5540e+01 -8.7800e-01  2.1400e-01  1.7100e-01  9.2000e-01  3.8000e-03 -1.0100e-02  6.4600e-02    2003.2    2008.2  SBRN_GPS
 -117.3883   34.6074 -2.3900e+01  4.0130e+00 -4.1000e-02  3.8000e-02  3.9000e-02  1.6000e-01  8.7500e-02  6.0000e-03 -1.4160e-01    1999.2    2008.6  SCIA_GPS
 -118.4879   32.9144 -4.1493e+01  2.2891e+01 -6.9700e-01  9.8000e-02  7.0000e-02  2.3600e-01  8.3500e-02  3.6100e-02 -1.1700e-01    1998.1    2008.6  SCIP_GPS
 -117.6346   33.4441 -3.8196e+01  1.7738e+01  4.1700e-01  1.5900e-01  2.0100e-01  2.9700e-01  6.2400e-02  2.2100e-02 -1.3330e-01    1998.6    2006.3  SCMS_GPS
 -116.2789   34.2550 -1.6401e+01 -1.6700e+00  1.2860e+00  3.4000e-02  4.1000e-02  2.4300e-01  7.6200e-02  8.2000e-03 -1.2110e-01    2002.0    2008.6  SDHL_GPS
 -118.7545   34.4598 -3.6677e+01  1.3705e+01  9.0200e-01  5.9000e-02  9.7000e-02  2.3800e-01  5.9900e-02  2.1600e-02 -2.6220e-01    1999.8    2008.6  SFDM_GPS
 -117.8617   34.2056 -3.5507e+01  1.2096e+01 -9.5600e-01  1.3300e-01  1.3700e-01  5.8500e-01  1.4200e-02  1.5720e-01 -1.4590e-01    1999.8    2008.6  SGDM_GPS
 -118.1090   34.0886 -3.7181e+01  1.3599e+01 -1.8000e+00  2.8700e-01  5.5000e-02  2.6800e-01  8.9200e-02 -1.0600e-01 -1.6620e-01    1999.8    2008.6  SGHS_GPS
 -116.6957   33.9125 -2.6050e+01  7.7560e+00  2.0290e+00  2.3100e-01  1.7300e-01  4.4900e-01  5.3300e-02 -1.8400e-02  3.6000e-03    1999.7    2007.9  SGPS_GPS
 -120.2250   40.5917 -1.8606e+01 -6.5350e+00  2.8500e-01  6.0000e-02  4.1000e-02  1.9400e-01  5.5000e-02  2.7300e-02 -2.2710e-01    1997.0    2008.6  SHIN_GPS
 -116.2990   35.9713 -1.5718e+01 -8.2780e+00  5.0000e-01  4.1000e-02  4.0000e-02  1.6000e-01  6.6600e-02  5.3200e-02 -1.7730e-01    1999.2    2008.6  SHOS_GPS
 -116.0156   34.6243 -1.6106e+01 -4.9490e+00  3.6800e-01  1.5900e-01  1.8500e-01  2.6900e-01  7.3900e-02  4.0900e-02  1.7700e-02    2000.0    2007.6  SIBE_GPS
 -118.2639   34.1029 -3.8035e+01  1.3854e+01 -6.3500e-01  1.2100e-01  2.2300e-01  2.6500e-01  9.4000e-02 -1.2950e-01 -1.4740e-01    2000.4    2008.6  SILK_GPS
 -117.2504   32.8647 -3.8652e+01  1.8287e+01  7.6800e-01  1.0800e-01  1.2400e-01  3.5800e-01  9.9700e-02  4.8200e-02 -1.5140e-01    1997.0    2008.6  SIO3_GPS
 -117.2497   32.8407 -3.8951e+01  1.8762e+01  5.3200e-01  1.0900e-01  1.3300e-01  3.8600e-01  9.2900e-02  7.1000e-03 -8.1700e-02    2002.4    2008.6  SIO5_GPS
 -116.2106   36.7305 -1.5592e+01 -8.7530e+00 -3.8000e-01  5.3000e-02  4.4000e-02  1.7100e-01  8.6100e-02 -3.4000e-03 -1.8470e-01    1999.2    2008.6  SKUL_GPS
 -122.2043   37.4165 -3.4602e+01  1.6229e+01  1.6030e+00  1.4700e-01  1.4400e-01  7.2700e-01  3.5300e-02  7.0000e-04 -1.2980e-01    2003.1    2008.6  SLAC_GPS
 -119.8843   39.3143 -2.0668e+01 -4.4920e+00  5.7000e-01  1.4500e-01  8.5000e-02  3.4500e-01  4.8500e-02  2.0000e-03 -1.2040e-01    1997.6    2008.6  SLID_GPS
 -115.9778   33.2922 -2.4187e+01  6.6990e+00  3.1800e-01  8.3000e-02  2.9000e-02  2.1300e-01  7.6100e-02  1.9800e-02 -1.2950e-01    1999.6    2008.6  SLMS_GPS
 -115.5875   36.3196 -1.5430e+01 -8.7080e+00  1.2300e-01  9.0000e-02  5.5000e-02  2.3800e-01  8.2000e-02  2.1600e-02 -1.8240e-01    1999.2    2008.6  SMYC_GPS
 -117.9286   33.9273 -3.6792e+01  1.6012e+01  2.7100e-01  4.3000e-02  7.5000e-02  1.8400e-01  5.6300e-02  4.1600e-02 -1.4480e-01    1999.2    2008.2  SNHS_GPS
 -119.5244   33.2479 -4.2010e+01  2.3825e+01 -4.5300e-01  5.1000e-02  6.2000e-02  2.0000e-01  1.0340e-01  3.6100e-02 -1.0590e-01    1997.2    2008.6  SNI1_GPS
 -121.9255   37.1664 -3.3605e+01  1.4562e+01 -1.5410e+00  1.1300e-01  1.1100e-01  4.0000e-01  6.2600e-02 -4.4400e-02 -2.5500e-01    1999.4    2008.6  SODB_GPS
 -119.0643   34.3199 -3.9411e+01  1.9280e+01 -1.0480e+00  7.4000e-02  6.7000e-02  1.8600e-01  8.8400e-02  2.2700e-02 -1.2390e-01    2000.9    2008.6  SOMT_GPS
 -118.6462   34.0593 -3.9152e+01  1.8470e+01  6.1300e-01  6.1000e-02  7.2000e-02  1.1500e-01  7.0100e-02  2.5100e-02 -1.5230e-01    1997.0    2008.6  SPK1_GPS
 -117.8488   33.9927 -3.6414e+01  1.4288e+01 -7.7900e-01  4.1000e-02  2.9000e-02  1.4400e-01  7.5700e-02  2.2800e-02 -1.2890e-01    1998.6    2008.6  SPMS_GPS
 -120.0652   34.0043 -4.1618e+01  2.4405e+01  4.4800e-01  8.2000e-02  7.5000e-02  3.3800e-01  6.0700e-02  9.0000e-04 -1.4100e-01    2000.5    2008.6  SRS1_GPS
 -116.3378   36.6446 -1.5473e+01 -8.5330e+00  5.0000e-03  4.3000e-02  2.9000e-02  1.2900e-01  8.6000e-02  6.3000e-03 -1.7040e-01    1999.2    2008.6  STRI_GPS
 -122.1733   37.4269 -3.3002e+01  1.4818e+01 -3.4200e-01  2.0400e-01  1.8500e-01  6.5300e-01  5.9600e-02  4.1700e-02 -1.4700e-01    1997.1    2003.1  SUAA_GPS
 -121.8206   39.2058 -2.2471e+01 -4.6200e+00 -4.4100e-01  5.7000e-02  7.4000e-02  2.4100e-01  6.0900e-02  4.1600e-02 -9.6600e-02    1997.2    2008.6  SUTB_GPS
 -122.5263   38.0332 -3.1542e+01  1.2866e+01 -1.0410e+00  1.4900e-01  1.0900e-01  6.5200e-01  5.2800e-02 -5.8000e-03 -2.2730e-01    2003.9    2008.6  SVIN_GPS
 -117.6783   34.3818 -3.0087e+01  9.0010e+00  2.0900e-01  7.3000e-02  7.8000e-02  2.0300e-01  5.7900e-02  5.3900e-02 -1.8770e-01    1997.0    2008.6  TABL_GPS
 -116.5743   36.9316 -1.5614e+01 -8.6170e+00  1.6000e-02  5.0000e-02  3.9000e-02  1.5800e-01  9.2600e-02  1.1000e-03 -1.6090e-01    1999.2    2008.6  TATE_GPS
 -120.3603   35.9174 -2.4898e+01  6.1500e+00  1.3510e+00  8.9000e-02  2.0200e-01  2.8900e-01  5.0900e-02  1.5400e-02 -1.9010e-01    2001.7    2008.6  TBLP_GPS
 -121.9355   37.3515 -3.1291e+01  1.2438e+01  3.2460e+00  2.8000e-01  1.2500e-01  1.2430e+00  5.9200e-02  2.3800e-02 -1.1070e-01    2003.0    2007.2  THAL_GPS
 -118.4146   35.1582 -2.3256e+01  2.5420e+00  5.1700e-01  5.5000e-02  4.8000e-02  1.8400e-01  8.6100e-02  1.9900e-02 -1.4760e-01    2000.9    2008.6  THCP_GPS
 -122.4476   37.8909 -3.1214e+01  1.3019e+01 -1.4610e+00  1.2700e-01  7.5000e-02  3.4600e-01  3.0700e-02  2.2730e-01 -8.7200e-02    1997.0    2008.6  TIBB_GPS
 -118.8629   37.6189 -1.9808e+01 -9.4300e-01  1.1960e+00  2.0900e-01  7.6600e-01  8.9300e-01  5.7100e-02 -1.8900e-02  2.8800e-02    2001.3    2008.6  TILC_GPS
 -116.2297   36.9348 -1.5591e+01 -8.8460e+00  3.0000e-03  5.8000e-02  5.5000e-02  1.7100e-01  9.7800e-02 -8.0000e-04 -1.7870e-01    1999.2    2008.6  TIVA_GPS
 -120.1326   34.4835 -4.1878e+01  2.2475e+01  8.0300e-01  6.3000e-02  2.1000e-01  3.8300e-01  6.4200e-02  5.2900e-02 -1.7630e-01    2000.8    2008.6  TJRN_GPS
 -116.1605   33.6412 -2.4846e+01  4.8130e+00 -4.9150e+00  9.2000e-02  8.2000e-02  2.9500e-01  7.5300e-02  1.3700e-02 -1.2550e-01    2000.2    2008.6  TMAP_GPS
 -117.0494   39.5422 -1.6440e+01 -9.2290e+00  7.9700e-01  8.4000e-02  6.8000e-02  3.8600e-01  1.0340e-01 -5.3100e-02 -2.0920e-01    2003.1    2008.6  TOIY_GPS
 -117.1840   38.0972 -1.6058e+01 -8.8260e+00  2.3300e-01  5.8000e-02  3.2000e-02  1.6800e-01  8.3900e-02  1.1000e-02 -1.8190e-01    1999.2    2008.5  TONO_GPS
 -118.3306   33.7978 -3.9019e+01  1.8662e+01 -1.6200e-01  4.0000e-02  4.5000e-02  1.3200e-01  7.7700e-02  1.2500e-02 -1.2540e-01    1997.2    2008.6  TORP_GPS
 -118.8367   34.2480 -3.8961e+01  1.9245e+01 -1.2910e+00  8.3000e-02  1.5500e-01  2.9700e-01  8.7500e-02  7.0000e-03 -1.3850e-01    1999.5    2008.6  TOST_GPS
 -117.8034   33.6179 -3.8064e+01  1.8127e+01 -6.4000e-02  4.7000e-02  4.2000e-02  1.4000e-01  4.8900e-02  1.1550e-01 -1.4760e-01    1997.0    2008.6  TRAK_GPS
 -116.5305   34.8386 -1.8739e+01 -4.5580e+00  3.0600e-01  5.8000e-02  4.0000e-02  1.7800e-01  7.6800e-02  7.7000e-03 -1.0470e-01    2000.0    2008.6  TROY_GPS
 -118.2575   40.4032 -1.7542e+01 -8.4000e+00  1.0220e+00  5.6000e-02  4.2000e-02  2.0100e-01  3.8000e-02 -6.9900e-02 -2.1300e-01    1997.0    2008.6  TUNG_GPS
 -117.7255   33.9725 -3.5934e+01  1.3806e+01 -1.3700e+00  1.1500e-01  1.1600e-01  3.5500e-01  7.5100e-02 -5.1600e-02 -1.3680e-01    2000.5    2008.6  TWMS_GPS
 -121.7512   38.5362 -2.2561e+01 -3.5030e+00 -7.7810e+00  8.4000e-02  8.4000e-02  4.3900e-01  4.9800e-02  3.0100e-02 -1.1640e-01    1997.7    2008.6  UCD1_GPS
 -118.4419   34.0691 -3.7829e+01  1.5840e+01 -5.8200e-01  4.4000e-02  5.7000e-02  1.0700e-01  8.7400e-02 -1.8500e-02 -1.5950e-01    1997.0    2008.6  UCLP_GPS
 -119.8438   34.4133 -4.0861e+01  1.8902e+01  6.4200e-01  8.0000e-02  9.9000e-02  2.5500e-01  5.6600e-02  1.2300e-01 -1.5970e-01    1998.8    2008.6  UCSB_GPS
 -118.8023   39.6271 -1.8519e+01 -7.3080e+00  9.0000e-01  5.2000e-02  4.7000e-02  1.9700e-01  7.5200e-02  9.2000e-03 -1.8380e-01    1997.8    2008.6  UPSA_GPS
 -118.2851   34.0239 -3.6957e+01  1.5834e+01 -1.6700e+00  4.6000e-02  6.8000e-02  1.6400e-01  1.4980e-01  2.3200e-02 -9.3500e-02    1997.0    2008.6  USC1_GPS
 -116.0853   33.0301 -3.4976e+01  1.4736e+01  6.0600e-01  5.8000e-02  3.2000e-02  2.1300e-01  8.3100e-02  7.9000e-03 -1.2470e-01    1999.6    2008.6  USGC_GPS
 -120.6611   35.3118 -3.9386e+01  2.2998e+01  1.4920e+00  8.9000e-02  6.3000e-02  2.5400e-01  9.3800e-02 -3.7700e-02 -2.3980e-01    2000.7    2008.6  USLO_GPS
 -120.5635   34.8266 -4.1478e+01  2.3145e+01  7.7700e-01  9.4000e-02  1.0800e-01  2.5100e-01  6.5500e-02 -2.1000e-03 -1.2450e-01    1999.1    2008.3  VAN1_GPS
 -119.4839   34.8515 -3.7505e+01  1.3376e+01  1.7340e+00  2.6500e-01  1.3300e-01  6.7800e-01  4.7200e-02  9.4000e-03 -1.3060e-01    2000.9    2008.5  VCST_GPS
 -118.2200   34.1786 -3.6987e+01  1.3777e+01 -1.1830e+00  5.8000e-02  3.6000e-02  2.8600e-01  9.7800e-02 -1.2140e-01 -2.3140e-01    2000.9    2008.6  VDCY_GPS
 -118.5144   34.1264 -3.8315e+01  1.7281e+01  3.6500e-01  7.7000e-02  7.0000e-02  2.1800e-01  9.1600e-02  1.2000e-02 -1.3550e-01    2000.5    2008.6  VIMT_GPS
 -119.2377   34.2758 -4.0963e+01  1.8427e+01 -3.8600e+00  1.2300e-01  1.4800e-01  3.6400e-01  7.5700e-02  2.2700e-02 -1.4190e-01    2000.9    2008.6  VNCO_GPS
 -118.4845   34.2932 -3.6713e+01  1.4275e+01  4.3300e-01  7.2000e-02  7.3000e-02  2.3300e-01  7.2900e-02  6.0000e-03 -1.3080e-01    1999.0    2008.6  VNCX_GPS
 -120.6164   34.5563 -4.2578e+01  2.3096e+01  4.7100e-01  8.8000e-02  1.2400e-01  3.8700e-01  8.4800e-02  4.1300e-02 -1.2330e-01    1997.0    2008.6  VNDP_GPS
 -118.1212   34.5015 -3.1937e+01  9.7410e+00  4.0000e-02  5.2000e-02  6.2000e-02  1.7900e-01  5.5800e-02  5.8000e-02 -1.6540e-01    1999.8    2008.6  VNPS_GPS
 -118.2938   33.7126 -3.9075e+01  1.9584e+01 -2.7900e-01  4.6000e-02  3.5000e-02  1.5800e-01  1.0580e-01  2.5100e-02 -1.0910e-01    1998.9    2008.6  VTIS_GPS
 -117.9920   34.0309 -3.3133e+01  1.5461e+01 -1.5580e+00  1.2100e-01  9.5000e-02  1.4800e-01  6.2900e-02  5.8800e-02 -2.1930e-01    1998.6    2008.6  VYAS_GPS
 -118.6539   37.6643 -1.8285e+01 -3.1110e+00  1.3960e+00  1.3300e-01  8.4000e-02  4.4300e-01  8.6800e-02  8.7000e-03 -1.5570e-01    2002.0    2008.6  WATC_GPS
 -117.9111   34.0619 -3.6654e+01  1.3616e+01 -9.6400e-01  1.9200e-01  1.9000e-01  2.7300e-01  4.9900e-02  8.9700e-02 -1.4950e-01    1999.1    2008.6  WCHS_GPS
 -118.9837   35.0108 -2.8057e+01  5.4480e+00 -2.2260e+00  3.9000e-02  8.9000e-02  3.3700e-01  4.2900e-02 -2.0000e-02 -7.7300e-02    1999.9    2008.6  WGPP_GPS
 -118.0312   33.9799 -3.7609e+01  1.5633e+01 -4.0130e+00  4.8000e-02  6.5000e-02  1.0600e-01  7.9300e-02  1.2300e-02 -1.1340e-01    1997.0    2008.6  WHC1_GPS
 -117.6435   33.6745 -3.7112e+01  1.7459e+01 -2.8400e-01  5.7000e-02  6.3000e-02  2.4400e-01  9.0000e-02  1.0600e-02 -1.1510e-01    2001.5    2008.6  WHYT_GPS
 -116.3918   33.9348 -2.2498e+01  2.9750e+00  1.5560e+00  6.2000e-02  8.0000e-02  2.5800e-01  6.5100e-02 -1.0800e-02 -1.2760e-01    1997.7    2008.6  WIDC_GPS
 -122.1406   37.6526 -3.0898e+01  1.0862e+01  2.1500e-01  1.5700e-01  1.7700e-01  4.2900e-01  4.2300e-02  5.7000e-03 -1.1650e-01    1997.0    2005.0  WINT_GPS
 -118.7415   34.5685 -3.4766e+01  1.0606e+01  6.2400e-01  1.3200e-01  4.7000e-02  2.0400e-01  1.1900e-01 -7.9900e-02 -2.1770e-01    1999.8    2008.6  WKPK_GPS
 -118.0559   34.2261 -3.5740e+01  1.0432e+01 -1.2400e-01  1.6800e-01  1.3300e-01  2.7600e-01  8.9500e-02 -2.2700e-02 -2.3710e-01    1997.0    2008.6  WLSN_GPS
 -118.4143   34.2594 -3.7724e+01  1.5042e+01  2.8400e-01  1.4200e-01  1.2500e-01  2.4800e-01  5.2000e-02 -1.2900e-02 -6.9700e-02    1999.6    2008.6  WMAP_GPS
 -118.0593   34.0432 -3.7103e+01  1.4242e+01 -2.2900e-01  1.1000e-01  2.6900e-01  7.4000e-01  6.2000e-02  6.9000e-03 -1.2450e-01    2000.7    2008.6  WNRA_GPS
 -116.9317   34.6690 -2.2531e+01  1.3780e+00  6.6000e-02  6.5000e-02  4.8000e-02  1.6200e-01  3.6100e-02  4.8000e-03 -1.3280e-01    1999.7    2008.6  WOMT_GPS
 -118.4276   33.9582 -3.8597e+01  1.7968e+01 -2.8440e+00  1.0400e-01  5.1000e-02  5.3100e-01  1.5000e-03  4.4400e-02 -1.3360e-01    1999.8    2008.6  WRHS_GPS
 -116.6539   33.9553 -2.4464e+01  7.4890e+00  1.3890e+00  1.5100e-01  1.5100e-01  4.2500e-01  6.6800e-02  2.8800e-02 -1.3160e-01    2002.0    2008.6  WWMT_GPS
 -120.3028   41.9023 -1.6468e+01 -6.9770e+00 -4.5500e-01  1.1200e-01  1.0900e-01  4.3200e-01  7.0900e-02 -2.2760e-01 -1.6260e-01    1999.9    2008.6  MODB_GPS
 -124.2552   41.7827 -9.2950e+00 -2.9200e-01  7.2200e-01  1.2500e-01  6.5000e-02  5.1100e-01  3.5500e-02  1.0000e-02 -1.8800e-01    1999.8    2008.6  PTSG_GPS
 -119.0157   41.8684 -1.6178e+01 -8.2680e+00  7.2000e-02  8.6000e-02  5.6000e-02  3.3000e-01  7.1700e-02 -2.6200e-02 -1.9550e-01    1999.8    2008.6  SHLD_GPS
 -124.1509   41.0539 -9.2270e+00  4.0420e+00 -6.0900e-01  1.2000e-01  1.0000e-01  3.5700e-01  3.1000e-02  1.9000e-03 -2.1140e-01    1999.9    2008.6  TRND_GPS
 -122.7107   41.7317 -1.4825e+01 -4.6470e+00  1.2900e-01  1.5200e-01  8.0000e-02  3.5100e-01  1.4700e-02  9.3300e-02 -3.2840e-01    1997.0    2008.6  YBHB_GPS
