 -1.1709320000e+02  3.4116400000e+01
 -1.1642940000e+02  3.4594300000e+01
 -1.1515850000e+02  3.7358000000e+01
 -1.1869480000e+02  3.4824500000e+01
 -1.1936350000e+02  3.4015000000e+01
 -1.1883030000e+02  3.4157400000e+01
 -1.1493180000e+02  3.6319100000e+01
 -1.1752190000e+02  3.6050000000e+01
 -1.1891040000e+02  3.5201300000e+01
 -1.1715400000e+02  3.4468300000e+01
 -1.1662970000e+02  3.3540100000e+01
 -1.1789650000e+02  3.4126000000e+01
 -1.1890140000e+02  3.7783400000e+01
 -1.1720460000e+02  4.0412800000e+01
 -1.1902970000e+02  3.3480400000e+01
 -1.1998150000e+02  3.4582200000e+01
 -1.1688420000e+02  3.4264300000e+01
 -1.1940580000e+02  3.4920500000e+01
 -1.1662110000e+02  3.7039900000e+01
 -1.1599820000e+02  3.4000500000e+01
 -1.1807410000e+02  3.5878400000e+01
 -1.1815970000e+02  3.3967100000e+01
 -1.1706460000e+02  3.3578200000e+01
 -1.1608040000e+02  3.5287000000e+01
 -1.1809470000e+02  3.3962300000e+01
 -1.1910950000e+02  3.5132400000e+01
 -1.1802870000e+02  3.3799500000e+01
 -1.1471480000e+02  3.3610400000e+01
 -1.1605300000e+02  3.4251400000e+01
 -1.1698470000e+02  3.3962700000e+01
 -1.1827700000e+02  3.4184900000e+01
 -1.2215260000e+02  3.7919400000e+01
 -1.1857680000e+02  3.4682300000e+01
 -1.1701200000e+02  3.4918600000e+01
 -1.1818820000e+02  3.4292800000e+01
 -1.1687170000e+02  3.6917600000e+01
 -1.1645090000e+02  3.6745300000e+01
 -1.1934750000e+02  3.5157300000e+01
 -1.1598990000e+02  3.3655100000e+01
 -1.2043370000e+02  3.5939400000e+01
 -1.2043080000e+02  3.5888400000e+01
 -1.1889670000e+02  3.7644600000e+01
 -1.1848300000e+02  3.3445800000e+01
 -1.1833380000e+02  3.3311600000e+01
 -1.1862980000e+02  3.4138600000e+01
 -1.1767120000e+02  3.5565300000e+01
 -1.1821120000e+02  3.3876300000e+01
 -1.1786490000e+02  3.3862700000e+01
 -1.1901350000e+02  3.4806400000e+01
 -1.1633590000e+02  3.4829500000e+01
 -1.1796490000e+02  3.4244000000e+01
 -1.2211930000e+02  3.7724100000e+01
 -1.1802600000e+02  3.4333400000e+01
 -1.1676550000e+02  3.6746500000e+01
 -1.1782770000e+02  3.4640500000e+01
 -1.2166500000e+02  3.9432600000e+01
 -1.1893730000e+02  3.4109600000e+01
 -1.1812730000e+02  3.4136700000e+01
 -1.1747940000e+02  3.4313800000e+01
 -1.1770880000e+02  3.4109900000e+01
 -1.2038600000e+02  3.8034200000e+01
 -1.2439630000e+02  4.0441800000e+01
 -1.1841140000e+02  3.4353200000e+01
 -1.2127850000e+02  3.7896400000e+01
 -1.1760890000e+02  3.3857600000e+01
 -1.1987950000e+02  3.4414900000e+01
 -1.1780890000e+02  3.5982300000e+01
 -1.1638690000e+02  3.3732500000e+01
 -1.1757300000e+02  3.5071700000e+01
 -1.1656930000e+02  3.6807700000e+01
 -1.2075080000e+02  3.5791600000e+01
 -1.1709970000e+02  3.4039100000e+01
 -1.1827280000e+02  3.3823500000e+01
 -1.1573500000e+02  3.3069800000e+01
 -1.1978480000e+02  3.4029300000e+01
 -1.1903900000e+02  3.4168400000e+01
 -1.1825670000e+02  3.3861500000e+01
 -1.1852380000e+02  3.4253500000e+01
 -1.1937120000e+02  3.4408100000e+01
 -1.1861320000e+02  3.4516500000e+01
 -1.1637040000e+02  3.4124100000e+01
 -1.1967390000e+02  3.4942600000e+01
 -1.1790170000e+02  3.4082000000e+01
 -1.1839690000e+02  3.4334800000e+01
 -1.1898120000e+02  3.7744200000e+01
 -1.1909060000e+02  3.8051500000e+01
 -1.1578800000e+02  3.3389800000e+01
 -1.2191560000e+02  3.7878600000e+01
 -1.1834850000e+02  3.4023900000e+01
 -1.1724950000e+02  3.3036500000e+01
 -1.1671210000e+02  3.3733300000e+01
 -1.1786010000e+02  3.4413400000e+01
 -1.1803930000e+02  3.7742800000e+01
 -1.1812600000e+02  3.3938000000e+01
 -1.1832900000e+02  3.3886800000e+01
 -1.1741170000e+02  3.3647700000e+01
 -1.1426420000e+02  3.7915500000e+01
 -1.1883040000e+02  3.4946200000e+01
 -1.1493890000e+02  3.9345200000e+01
 -1.1581720000e+02  4.0914700000e+01
 -1.1820840000e+02  3.4029700000e+01
 -1.1752560000e+02  3.4104200000e+01
 -1.2300080000e+02  3.7697200000e+01
 -1.2000940000e+02  3.4733000000e+01
 -1.1889410000e+02  3.4409900000e+01
 -1.1888400000e+02  3.4356300000e+01
 -1.1793570000e+02  3.3662300000e+01
 -1.1835950000e+02  3.4080600000e+01
 -1.1889340000e+02  3.4800200000e+01
 -1.1791640000e+02  3.8970300000e+01
 -1.1935550000e+02  4.0416500000e+01
 -1.1986370000e+02  3.5189400000e+01
 -1.1739790000e+02  3.4203900000e+01
 -1.1552140000e+02  3.3274800000e+01
 -1.1482730000e+02  3.3051100000e+01
 -1.1566020000e+02  3.4784000000e+01
 -1.1418940000e+02  3.4308600000e+01
 -1.1688920000e+02  3.5425200000e+01
 -1.1417970000e+02  4.0640200000e+01
 -1.1811290000e+02  3.4047400000e+01
 -1.2068210000e+02  3.4469400000e+01
 -1.1828580000e+02  3.3783600000e+01
 -1.1643010000e+02  3.4754800000e+01
 -1.2146990000e+02  4.0815900000e+01
 -1.1779950000e+02  3.4759900000e+01
 -1.1563530000e+02  3.3705000000e+01
 -1.2047950000e+02  3.5866700000e+01
 -1.1784520000e+02  3.4458200000e+01
 -1.1816820000e+02  3.3924500000e+01
 -1.2307470000e+02  3.8995200000e+01
 -1.1882120000e+02  3.7658600000e+01
 -1.2040240000e+02  3.5880800000e+01
 -1.1918750000e+02  3.4441200000e+01
 -1.1591140000e+02  3.4727300000e+01
 -1.1503180000e+02  3.2706200000e+01
 -1.1514510000e+02  3.4157600000e+01
 -1.1847430000e+02  3.5662300000e+01
 -1.1550680000e+02  3.2829400000e+01
 -1.1908470000e+02  3.7771700000e+01
 -1.1609900000e+02  3.6458800000e+01
 -1.1817320000e+02  3.4204800000e+01
 -1.1900820000e+02  3.4398500000e+01
 -1.1897920000e+02  3.7659100000e+01
 -1.1888050000e+02  3.7713300000e+01
 -1.1617340000e+02  3.3925400000e+01
 -1.2047330000e+02  3.5899800000e+01
 -1.1857460000e+02  3.4181900000e+01
 -1.1830650000e+02  3.3927900000e+01
 -1.1813720000e+02  3.3832100000e+01
 -1.1817320000e+02  3.3791600000e+01
 -1.1820330000e+02  3.3787800000e+01
 -1.1643280000e+02  3.4267300000e+01
 -1.1620910000e+02  3.4699400000e+01
 -1.1832180000e+02  3.4134600000e+01
 -1.1686190000e+02  4.0403500000e+01
 -1.1841280000e+02  3.4095100000e+01
 -1.1901730000e+02  3.7637200000e+01
 -1.1813920000e+02  3.4662000000e+01
 -1.1630820000e+02  3.6745900000e+01
 -1.1886770000e+02  3.4807500000e+01
 -1.1783500000e+02  3.4485500000e+01
 -1.1783790000e+02  3.4586000000e+01
 -1.2135020000e+02  3.8846500000e+01
 -1.1905790000e+02  3.6360000000e+01
 -1.1693970000e+02  3.5090200000e+01
 -1.1800340000e+02  3.4111900000e+01
 -1.1775410000e+02  3.4133300000e+01
 -1.2059430000e+02  3.5828700000e+01
 -1.1795670000e+02  3.4026800000e+01
 -1.2186520000e+02  3.7286900000e+01
 -1.1910370000e+02  3.4733600000e+01
 -1.1519130000e+02  3.6159500000e+01
 -1.2044310000e+02  3.5832600000e+01
 -1.1743670000e+02  3.3856800000e+01
 -1.1597900000e+02  3.6632500000e+01
 -1.2164260000e+02  3.7341500000e+01
 -1.1824410000e+02  3.3939100000e+01
 -1.2045880000e+02  3.5921900000e+01
 -1.2035140000e+02  3.4038300000e+01
 -1.1609550000e+02  4.0148400000e+01
 -1.1906090000e+02  3.7653800000e+01
 -1.1755050000e+02  3.3714500000e+01
 -1.1731800000e+02  3.3918400000e+01
 -1.2043410000e+02  3.5969500000e+01
 -1.2186690000e+02  3.7485300000e+01
 -1.1671560000e+02  3.9147700000e+01
 -1.1642230000e+02  3.2891900000e+01
 -1.1887800000e+02  3.4295500000e+01
 -1.1788170000e+02  3.4175200000e+01
 -1.1721010000e+02  3.4230800000e+01
 -1.1824550000e+02  3.4055200000e+01
 -1.1930930000e+02  3.7169900000e+01
 -1.1909600000e+02  3.4261600000e+01
 -1.1652530000e+02  3.3210900000e+01
 -1.1894470000e+02  3.7640500000e+01
 -1.1614820000e+02  3.4508600000e+01
 -1.1461860000e+02  3.4767700000e+01
 -1.1750890000e+02  3.9685600000e+01
 -1.1871080000e+02  3.9421600000e+01
 -1.1914130000e+02  3.4498700000e+01
 -1.1756960000e+02  3.3919700000e+01
 -1.1834800000e+02  3.3979700000e+01
 -1.1697270000e+02  3.2579300000e+01
 -1.2224630000e+02  3.7963100000e+01
 -1.1606770000e+02  3.4141000000e+01
 -1.1860140000e+02  3.4329900000e+01
 -1.1774410000e+02  3.3765900000e+01
 -1.1704180000e+02  3.3130600000e+01
 -1.2227300000e+02  3.8006300000e+01
 -1.1591810000e+02  3.4369900000e+01
 -1.1630550000e+02  3.4427700000e+01
 -1.1608340000e+02  3.4367100000e+01
 -1.1614950000e+02  3.4430100000e+01
 -1.1629230000e+02  3.4533000000e+01
 -1.2027860000e+02  3.4739100000e+01
 -1.1681510000e+02  3.4674900000e+01
 -1.2150030000e+02  3.9554600000e+01
 -1.1914190000e+02  3.4327400000e+01
 -1.2242430000e+02  3.7499400000e+01
 -1.1820730000e+02  3.4128800000e+01
 -1.1935340000e+02  3.4683400000e+01
 -1.1400500000e+02  3.2722500000e+01
 -1.1906290000e+02  3.6027400000e+01
 -1.2407540000e+02  4.0876300000e+01
 -1.2241490000e+02  4.0997600000e+01
 -1.1616980000e+02  3.2616500000e+01
 -1.2100300000e+02  3.5551700000e+01
 -1.1674090000e+02  3.9521500000e+01
 -1.1953690000e+02  3.9698400000e+01
 -1.1959990000e+02  3.9499200000e+01
 -1.1962430000e+02  4.1357700000e+01
 -1.2410720000e+02  4.0422500000e+01
 -1.2413330000e+02  4.0551300000e+01
 -1.2421310000e+02  4.0637400000e+01
 -1.2423700000e+02  4.0691100000e+01
 -1.2369330000e+02  4.0119300000e+01
 -1.2386280000e+02  4.0435200000e+01
 -1.2388020000e+02  4.0543700000e+01
 -1.2388150000e+02  4.0668600000e+01
 -1.2396770000e+02  4.0791100000e+01
 -1.2386330000e+02  4.0880200000e+01
 -1.2179250000e+02  3.6485500000e+01
 -1.2237680000e+02  3.7914500000e+01
 -1.2360250000e+02  3.9352500000e+01
 -1.2334840000e+02  3.8987400000e+01
 -1.2320400000e+02  3.9242000000e+01
 -1.2310520000e+02  3.9319700000e+01
 -1.2276740000e+02  3.8428600000e+01
 -1.2260740000e+02  3.8259900000e+01
 -1.2250340000e+02  3.8263700000e+01
 -1.2245170000e+02  3.8239800000e+01
 -1.2173180000e+02  3.6816100000e+01
 -1.2199080000e+02  3.7201700000e+01
 -1.2165060000e+02  3.7104500000e+01
 -1.2171400000e+02  3.7203500000e+01
 -1.2208330000e+02  3.7539200000e+01
 -1.2221910000e+02  3.7863900000e+01
 -1.2205830000e+02  3.7713900000e+01
 -1.2168690000e+02  3.7601800000e+01
 -1.2197800000e+02  3.7749400000e+01
 -1.2178640000e+02  3.7819000000e+01
 -1.2155450000e+02  3.6903500000e+01
 -1.2154200000e+02  3.7007800000e+01
 -1.2146320000e+02  3.6953900000e+01
 -1.2135450000e+02  3.7010800000e+01
 -1.2106440000e+02  3.6611600000e+01
 -1.2105770000e+02  3.7169600000e+01
 -1.2160480000e+02  3.7932000000e+01
 -1.2146400000e+02  3.7755300000e+01
 -1.2110060000e+02  3.7433000000e+01
 -1.2221750000e+02  3.8153000000e+01
 -1.2209610000e+02  3.8025100000e+01
 -1.2219530000e+02  3.8444200000e+01
 -1.2195420000e+02  3.8530200000e+01
 -1.2184350000e+02  3.8184000000e+01
 -1.2182320000e+02  3.8380300000e+01
 -1.2164640000e+02  3.8473500000e+01
 -1.2205520000e+02  3.9243800000e+01
 -1.2171450000e+02  3.8657400000e+01
 -1.2194310000e+02  3.9145500000e+01
 -1.2138810000e+02  3.8115800000e+01
 -1.2146050000e+02  3.8283100000e+01
 -1.2109520000e+02  3.8645300000e+01
 -1.2106080000e+02  3.5711200000e+01
 -1.2038950000e+02  3.5841100000e+01
 -1.2034520000e+02  3.5837800000e+01
 -1.2028530000e+02  3.5806700000e+01
 -1.2090680000e+02  3.5933300000e+01
 -1.2069780000e+02  3.6024800000e+01
 -1.2084240000e+02  3.5697100000e+01
 -1.2055190000e+02  3.5974100000e+01
 -1.2027700000e+02  3.6304400000e+01
 -1.2074310000e+02  3.6806300000e+01
 -1.2061860000e+02  3.6634700000e+01
 -1.2070530000e+02  3.7054400000e+01
 -1.2035660000e+02  3.6739000000e+01
 -1.2019680000e+02  3.7352200000e+01
 -1.2005790000e+02  3.6947300000e+01
 -1.2358180000e+02  3.9685700000e+01
 -1.2371690000e+02  3.9863600000e+01
 -1.2329510000e+02  3.9707100000e+01
 -1.2317450000e+02  4.0546700000e+01
 -1.2292300000e+02  4.0747600000e+01
 -1.2260690000e+02  4.0650700000e+01
 -1.2227080000e+02  4.0271200000e+01
 -1.2182800000e+02  4.0905500000e+01
 -1.2231930000e+02  4.0731100000e+01
 -1.1739390000e+02  3.4462400000e+01
 -1.1754090000e+02  3.3562100000e+01
 -1.1710470000e+02  3.2889200000e+01
 -1.1694950000e+02  3.2733800000e+01
 -1.1724870000e+02  3.3355200000e+01
 -1.1718970000e+02  3.3439600000e+01
 -1.1711340000e+02  3.3502800000e+01
 -1.1707160000e+02  3.3235700000e+01
 -1.1678290000e+02  3.3493300000e+01
 -1.1634850000e+02  3.2976000000e+01
 -1.1667140000e+02  3.3240200000e+01
 -1.1656930000e+02  3.3059200000e+01
 -1.1662080000e+02  3.3375600000e+01
 -1.1632230000e+02  3.3260200000e+01
 -1.1622680000e+02  3.3574700000e+01
 -1.1573210000e+02  3.2759700000e+01
 -1.1562840000e+02  3.3045000000e+01
 -1.1559590000e+02  3.2750600000e+01
 -1.1557700000e+02  3.2834700000e+01
 -1.1556960000e+02  3.2898400000e+01
 -1.1548790000e+02  3.2979600000e+01
 -1.1529990000e+02  3.2690000000e+01
 -1.1539790000e+02  3.2875800000e+01
 -1.1542190000e+02  3.2982500000e+01
 -1.1576580000e+02  3.3516400000e+01
 -1.1551020000e+02  3.3081400000e+01
 -1.1561240000e+02  3.3200000000e+01
 -1.1542870000e+02  3.3247800000e+01
 -1.1529390000e+02  3.2890700000e+01
 -1.1534330000e+02  3.3143600000e+01
 -1.1529610000e+02  3.3886900000e+01
 -1.2086970000e+02  3.5636000000e+01
 -1.2048040000e+02  3.5624800000e+01
 -1.2026700000e+02  3.5633800000e+01
 -1.2018200000e+02  3.5702700000e+01
 -1.2000070000e+02  3.5686700000e+01
 -1.1973800000e+02  3.5731300000e+01
 -1.1990940000e+02  3.5934700000e+01
 -1.1887900000e+02  3.4835100000e+01
 -1.1854550000e+02  3.4771100000e+01
 -1.1865560000e+02  3.4944400000e+01
 -1.1861760000e+02  3.4838900000e+01
 -1.1854090000e+02  3.4821800000e+01
 -1.1839910000e+02  3.4618500000e+01
 -1.1818870000e+02  3.4982100000e+01
 -1.1942120000e+02  3.5418700000e+01
 -1.1923660000e+02  3.5743900000e+01
 -1.1922930000e+02  3.6324500000e+01
 -1.1875360000e+02  3.5420900000e+01
 -1.1876670000e+02  3.6231400000e+01
 -1.2097000000e+02  3.5669700000e+01
 -1.1731890000e+02  3.4304600000e+01
 -1.1772900000e+02  3.4509700000e+01
 -1.1754340000e+02  3.4987000000e+01
 -1.1695160000e+02  3.3892600000e+01
 -1.1728050000e+02  3.4534800000e+01
 -1.1726760000e+02  3.4785400000e+01
 -1.1711020000e+02  3.4620700000e+01
 -1.1801650000e+02  3.5152400000e+01
 -1.1739010000e+02  3.5896700000e+01
 -1.1740280000e+02  3.5697600000e+01
 -1.1621190000e+02  3.3865800000e+01
 -1.1687960000e+02  3.4462100000e+01
 -1.1731550000e+02  3.4187400000e+01
 -1.1610390000e+02  3.5141900000e+01
 -1.1554390000e+02  3.5472800000e+01
 -1.1536590000e+02  3.5163000000e+01
 -1.1459940000e+02  3.4188900000e+01
 -1.1523830000e+02  3.5291100000e+01
 -1.2150690000e+02  4.1711600000e+01
 -1.2241890000e+02  3.7853100000e+01
 -1.1792260000e+02  3.4508200000e+01
 -1.1668640000e+02  3.6901800000e+01
 -1.1769450000e+02  3.4925400000e+01
 -1.1645820000e+02  3.3612200000e+01
 -1.1645760000e+02  3.3612100000e+01
 -1.2054160000e+02  3.5945200000e+01
 -1.1823290000e+02  3.4071600000e+01
 -1.1724300000e+02  3.2665400000e+01
 -1.1815370000e+02  3.3902600000e+01
 -1.1685950000e+02  3.3357200000e+01
 -1.1905690000e+02  3.7831400000e+01
 -1.1611980000e+02  3.6579600000e+01
 -1.2047840000e+02  3.5919900000e+01
 -1.2193540000e+02  3.8202600000e+01
 -1.1718210000e+02  3.3835700000e+01
 -1.2238990000e+02  3.7187100000e+01
 -1.1649400000e+02  3.3819200000e+01
 -1.1780710000e+02  3.4091800000e+01
 -1.2301870000e+02  3.7996200000e+01
 -1.1840430000e+02  3.3743300000e+01
 -1.1837220000e+02  3.3779500000e+01
 -1.1832060000e+02  3.3773900000e+01
 -1.1824480000e+02  3.4628700000e+01
 -1.2094440000e+02  3.9974600000e+01
 -1.1691720000e+02  3.3042200000e+01
 -1.1566480000e+02  3.8280400000e+01
 -1.1768330000e+02  3.5338700000e+01
 -1.1972000000e+02  3.4500000000e+01
 -1.1662470000e+02  3.4643900000e+01
 -1.1889790000e+02  3.7677100000e+01
 -1.1655430000e+02  3.6715400000e+01
 -1.1646830000e+02  3.6840400000e+01
 -1.1802620000e+02  3.4019000000e+01
 -1.2052480000e+02  3.5900000000e+01
 -1.1660980000e+02  3.3611000000e+01
 -1.1867640000e+02  3.4235700000e+01
 -1.1708550000e+02  3.6217900000e+01
 -1.1819290000e+02  3.4875100000e+01
 -1.1918440000e+02  3.4541500000e+01
 -1.1735330000e+02  3.4089100000e+01
 -1.1512280000e+02  4.0617200000e+01
 -1.1665010000e+02  3.6316300000e+01
 -1.2155830000e+02  3.7666500000e+01
 -1.1789560000e+02  3.3743200000e+01
 -1.2144720000e+02  3.6765300000e+01
 -1.1895320000e+02  3.7689900000e+01
 -1.1766150000e+02  3.3553000000e+01
 -1.2241040000e+02  3.7686200000e+01
 -1.1738830000e+02  3.4607400000e+01
 -1.1848790000e+02  3.2914400000e+01
 -1.1763460000e+02  3.3444100000e+01
 -1.1627890000e+02  3.4255000000e+01
 -1.1875450000e+02  3.4459800000e+01
 -1.1786170000e+02  3.4205600000e+01
 -1.1810900000e+02  3.4088600000e+01
 -1.1669570000e+02  3.3912500000e+01
 -1.2022500000e+02  4.0591700000e+01
 -1.1629900000e+02  3.5971300000e+01
 -1.1601560000e+02  3.4624300000e+01
 -1.1826390000e+02  3.4102900000e+01
 -1.1725040000e+02  3.2864700000e+01
 -1.1724970000e+02  3.2840700000e+01
 -1.1621060000e+02  3.6730500000e+01
 -1.2220430000e+02  3.7416500000e+01
 -1.1988430000e+02  3.9314300000e+01
 -1.1597780000e+02  3.3292200000e+01
 -1.1558750000e+02  3.6319600000e+01
 -1.1792860000e+02  3.3927300000e+01
 -1.1952440000e+02  3.3247900000e+01
 -1.2192550000e+02  3.7166400000e+01
 -1.1906430000e+02  3.4319900000e+01
 -1.1864620000e+02  3.4059300000e+01
 -1.1784880000e+02  3.3992700000e+01
 -1.2006520000e+02  3.4004300000e+01
 -1.1633780000e+02  3.6644600000e+01
 -1.2217330000e+02  3.7426900000e+01
 -1.2182060000e+02  3.9205800000e+01
 -1.2252630000e+02  3.8033200000e+01
 -1.1767830000e+02  3.4381800000e+01
 -1.1657430000e+02  3.6931600000e+01
 -1.2036030000e+02  3.5917400000e+01
 -1.2193550000e+02  3.7351500000e+01
 -1.1841460000e+02  3.5158200000e+01
 -1.2244760000e+02  3.7890900000e+01
 -1.1886290000e+02  3.7618900000e+01
 -1.1622970000e+02  3.6934800000e+01
 -1.2013260000e+02  3.4483500000e+01
 -1.1616050000e+02  3.3641200000e+01
 -1.1704940000e+02  3.9542200000e+01
 -1.1718400000e+02  3.8097200000e+01
 -1.1833060000e+02  3.3797800000e+01
 -1.1883670000e+02  3.4248000000e+01
 -1.1780340000e+02  3.3617900000e+01
 -1.1653050000e+02  3.4838600000e+01
 -1.1825750000e+02  4.0403200000e+01
 -1.1772550000e+02  3.3972500000e+01
 -1.2175120000e+02  3.8536200000e+01
 -1.1844190000e+02  3.4069100000e+01
 -1.1984380000e+02  3.4413300000e+01
 -1.1880230000e+02  3.9627100000e+01
 -1.1828510000e+02  3.4023900000e+01
 -1.1608530000e+02  3.3030100000e+01
 -1.2066110000e+02  3.5311800000e+01
 -1.2056350000e+02  3.4826600000e+01
 -1.1948390000e+02  3.4851500000e+01
 -1.1822000000e+02  3.4178600000e+01
 -1.1851440000e+02  3.4126400000e+01
 -1.1923770000e+02  3.4275800000e+01
 -1.1848450000e+02  3.4293200000e+01
 -1.2061640000e+02  3.4556300000e+01
 -1.1812120000e+02  3.4501500000e+01
 -1.1829380000e+02  3.3712600000e+01
 -1.1799200000e+02  3.4030900000e+01
 -1.1865390000e+02  3.7664300000e+01
 -1.1791110000e+02  3.4061900000e+01
 -1.1898370000e+02  3.5010800000e+01
 -1.1803120000e+02  3.3979900000e+01
 -1.1764350000e+02  3.3674500000e+01
 -1.1639180000e+02  3.3934800000e+01
 -1.2214060000e+02  3.7652600000e+01
 -1.1874150000e+02  3.4568500000e+01
 -1.1805590000e+02  3.4226100000e+01
 -1.1841430000e+02  3.4259400000e+01
 -1.1805930000e+02  3.4043200000e+01
 -1.1693170000e+02  3.4669000000e+01
 -1.1842760000e+02  3.3958200000e+01
 -1.1665390000e+02  3.3955300000e+01
 -1.2030280000e+02  4.1902300000e+01
 -1.2425520000e+02  4.1782700000e+01
 -1.1901570000e+02  4.1868400000e+01
 -1.2415090000e+02  4.1053900000e+01
 -1.2271070000e+02  4.1731700000e+01
