       lon       lat          ve          vn          vu          se          sn          su         ren         reu         rnu     start    finish      name
 -117.0932   34.1164 -3.1429e+01 -2.3912e+01  5.5192e+01  5.0000e-02  5.0000e-02  5.0000e-02  0.0000e+00  0.0000e+00  0.0000e+00       0.0       0.0      0001
 -116.4294   34.5943  5.9869e+00  1.0081e+01  9.7785e+01  5.0000e-02  5.0000e-02  5.0000e-02  0.0000e+00  0.0000e+00  0.0000e+00       0.0       0.0      0002
 -115.1585   37.3580  2.6765e+00  7.0869e+00  2.3420e+00  5.0000e-02  5.0000e-02  5.0000e-02  0.0000e+00  0.0000e+00  0.0000e+00       0.0       0.0      0003
 -118.6948   34.8245 -1.6610e+01  2.4977e+00  8.2903e+00  5.0000e-02  5.0000e-02  5.0000e-02  0.0000e+00  0.0000e+00  0.0000e+00       0.0       0.0      0004
 -119.3635   34.0150 -1.0569e+01 -2.1980e+00  4.0712e+00  5.0000e-02  5.0000e-02  5.0000e-02  0.0000e+00  0.0000e+00  0.0000e+00       0.0       0.0      0005
 -118.8303   34.1574 -1.4318e+01 -3.0010e+00  6.8053e+00  5.0000e-02  5.0000e-02  5.0000e-02  0.0000e+00  0.0000e+00  0.0000e+00       0.0       0.0      0006
 -114.9318   36.3191  7.2888e+00  1.0629e+01  5.3452e+00  5.0000e-02  5.0000e-02  5.0000e-02  0.0000e+00  0.0000e+00  0.0000e+00       0.0       0.0      0007
 -117.5219   36.0500 -8.8086e+00  1.6060e+01  9.4073e+00  5.0000e-02  5.0000e-02  5.0000e-02  0.0000e+00  0.0000e+00  0.0000e+00       0.0       0.0      0008
 -118.9104   35.2013 -1.3225e+01  4.4925e+00  6.0230e+00  5.0000e-02  5.0000e-02  5.0000e-02  0.0000e+00  0.0000e+00  0.0000e+00       0.0       0.0      0009
 -117.1540   34.4683 -3.8684e+01 -2.7351e+00  6.2541e+01  5.0000e-02  5.0000e-02  5.0000e-02  0.0000e+00  0.0000e+00  0.0000e+00       0.0       0.0      0010
 -116.6297   33.5401 -4.0062e+00 -3.3700e+01  3.1629e+01  5.0000e-02  5.0000e-02  5.0000e-02  0.0000e+00  0.0000e+00  0.0000e+00       0.0       0.0      0011
 -117.8965   34.1260 -2.9427e+01 -1.2021e+01  1.3766e+01  5.0000e-02  5.0000e-02  5.0000e-02  0.0000e+00  0.0000e+00  0.0000e+00       0.0       0.0      0012
 -118.9014   37.7834 -2.5952e+00  4.3921e+00  1.1592e+00  5.0000e-02  5.0000e-02  5.0000e-02  0.0000e+00  0.0000e+00  0.0000e+00       0.0       0.0      0013
 -119.0297   33.4804 -1.0280e+01 -4.8408e+00  4.4234e+00  5.0000e-02  5.0000e-02  5.0000e-02  0.0000e+00  0.0000e+00  0.0000e+00       0.0       0.0      0014
 -119.9815   34.5822 -8.1737e+00  2.7217e-01  2.6700e+00  5.0000e-02  5.0000e-02  5.0000e-02  0.0000e+00  0.0000e+00  0.0000e+00       0.0       0.0      0015
 -116.8842   34.2643 -2.7723e+01 -2.0348e+01  7.6534e+01  5.0000e-02  5.0000e-02  5.0000e-02  0.0000e+00  0.0000e+00  0.0000e+00       0.0       0.0      0016
 -119.4058   34.9205 -1.0807e+01  1.8969e+00  3.9804e+00  5.0000e-02  5.0000e-02  5.0000e-02  0.0000e+00  0.0000e+00  0.0000e+00       0.0       0.0      0017
 -116.6211   37.0399 -4.9927e-01  1.0399e+01  3.7932e+00  5.0000e-02  5.0000e-02  5.0000e-02  0.0000e+00  0.0000e+00  0.0000e+00       0.0       0.0      0018
 -115.9982   34.0005  2.4532e+01 -2.9341e+01  5.3337e+01  5.0000e-02  5.0000e-02  5.0000e-02  0.0000e+00  0.0000e+00  0.0000e+00       0.0       0.0      0019
 -118.0741   35.8784 -1.1420e+01  1.1998e+01  7.9226e+00  5.0000e-02  5.0000e-02  5.0000e-02  0.0000e+00  0.0000e+00  0.0000e+00       0.0       0.0      0020
 -118.1597   33.9671 -1.7654e+01 -7.3506e+00  6.2774e+00  5.0000e-02  5.0000e-02  5.0000e-02  0.0000e+00  0.0000e+00  0.0000e+00       0.0       0.0      0021
 -117.0646   33.5782 -1.5493e+01 -2.8661e+01  2.8089e+01  5.0000e-02  5.0000e-02  5.0000e-02  0.0000e+00  0.0000e+00  0.0000e+00       0.0       0.0      0022
 -116.0804   35.2870  1.4118e+01  3.3089e+01  3.7895e+01  5.0000e-02  5.0000e-02  5.0000e-02  0.0000e+00  0.0000e+00  0.0000e+00       0.0       0.0      0023
 -118.0947   33.9623 -1.9516e+01 -7.7368e+00  5.5542e+00  5.0000e-02  5.0000e-02  5.0000e-02  0.0000e+00  0.0000e+00  0.0000e+00       0.0       0.0      0024
 -119.1095   35.1324 -1.2171e+01  3.4151e+00  5.0959e+00  5.0000e-02  5.0000e-02  5.0000e-02  0.0000e+00  0.0000e+00  0.0000e+00       0.0       0.0      0025
 -118.0287   33.7995 -2.0230e+01 -7.1198e+00  8.9948e+00  5.0000e-02  5.0000e-02  5.0000e-02  0.0000e+00  0.0000e+00  0.0000e+00       0.0       0.0      0026
 -114.7148   33.6104  1.6094e+01 -9.5601e+00  9.7713e+00  5.0000e-02  5.0000e-02  5.0000e-02  0.0000e+00  0.0000e+00  0.0000e+00       0.0       0.0      0027
 -116.0530   34.2514  2.9546e+01 -1.9652e+01  7.1913e+01  5.0000e-02  5.0000e-02  5.0000e-02  0.0000e+00  0.0000e+00  0.0000e+00       0.0       0.0      0028
 -116.9847   33.9627 -2.3885e+01 -3.0794e+01  5.1385e+01  5.0000e-02  5.0000e-02  5.0000e-02  0.0000e+00  0.0000e+00  0.0000e+00       0.0       0.0      0029
 -118.2770   34.1849 -1.9208e+01 -7.0951e+00  1.0047e+01  5.0000e-02  5.0000e-02  5.0000e-02  0.0000e+00  0.0000e+00  0.0000e+00       0.0       0.0      0030
 -118.5768   34.6823 -1.8305e+01  1.3311e+00  9.5424e+00  5.0000e-02  5.0000e-02  5.0000e-02  0.0000e+00  0.0000e+00  0.0000e+00       0.0       0.0      0031
 -117.0120   34.9186 -2.7754e+01  2.6594e+01  5.8068e+01  5.0000e-02  5.0000e-02  5.0000e-02  0.0000e+00  0.0000e+00  0.0000e+00       0.0       0.0      0032
 -118.1882   34.2928 -2.2519e+01 -6.4870e+00  1.2635e+01  5.0000e-02  5.0000e-02  5.0000e-02  0.0000e+00  0.0000e+00  0.0000e+00       0.0       0.0      0033
 -116.8717   36.9176 -1.4508e+00  1.1150e+01  4.2185e+00  5.0000e-02  5.0000e-02  5.0000e-02  0.0000e+00  0.0000e+00  0.0000e+00       0.0       0.0      0034
 -116.4509   36.7453  1.7273e-01  1.2768e+01  5.1341e+00  5.0000e-02  5.0000e-02  5.0000e-02  0.0000e+00  0.0000e+00  0.0000e+00       0.0       0.0      0035
 -119.3475   35.1573 -1.0627e+01  2.9416e+00  4.1251e+00  5.0000e-02  5.0000e-02  5.0000e-02  0.0000e+00  0.0000e+00  0.0000e+00       0.0       0.0      0036
 -115.9899   33.6551  1.5449e+01 -3.0664e+01  3.2898e+01  5.0000e-02  5.0000e-02  5.0000e-02  0.0000e+00  0.0000e+00  0.0000e+00       0.0       0.0      0037
 -120.4337   35.9394 -5.2776e+00  2.4922e+00  1.4645e+00  5.0000e-02  5.0000e-02  5.0000e-02  0.0000e+00  0.0000e+00  0.0000e+00       0.0       0.0      0038
 -120.4308   35.8884 -5.4349e+00  2.3408e+00  1.5416e+00  5.0000e-02  5.0000e-02  5.0000e-02  0.0000e+00  0.0000e+00  0.0000e+00       0.0       0.0      0039
 -118.8967   37.6446 -2.7829e+00  4.5877e+00  1.3739e+00  5.0000e-02  5.0000e-02  5.0000e-02  0.0000e+00  0.0000e+00  0.0000e+00       0.0       0.0      0040
 -118.4830   33.4458 -1.2621e+01 -7.3673e+00  6.8181e+00  5.0000e-02  5.0000e-02  5.0000e-02  0.0000e+00  0.0000e+00  0.0000e+00       0.0       0.0      0041
 -118.3338   33.3116 -1.2370e+01 -8.6672e+00  7.0064e+00  5.0000e-02  5.0000e-02  5.0000e-02  0.0000e+00  0.0000e+00  0.0000e+00       0.0       0.0      0042
 -118.6298   34.1386 -1.5608e+01 -4.0944e+00  7.9015e+00  5.0000e-02  5.0000e-02  5.0000e-02  0.0000e+00  0.0000e+00  0.0000e+00       0.0       0.0      0043
 -117.6712   35.5653 -1.6067e+01  1.7527e+01  1.4995e+01  5.0000e-02  5.0000e-02  5.0000e-02  0.0000e+00  0.0000e+00  0.0000e+00       0.0       0.0      0044
 -118.2112   33.8763 -1.6480e+01 -6.2830e+00  7.2732e+00  5.0000e-02  5.0000e-02  5.0000e-02  0.0000e+00  0.0000e+00  0.0000e+00       0.0       0.0      0045
 -117.8649   33.8627 -2.5946e+01 -9.7323e+00  1.1961e+01  5.0000e-02  5.0000e-02  5.0000e-02  0.0000e+00  0.0000e+00  0.0000e+00       0.0       0.0      0046
 -119.0135   34.8064 -1.3798e+01  1.7297e+00  5.8993e+00  5.0000e-02  5.0000e-02  5.0000e-02  0.0000e+00  0.0000e+00  0.0000e+00       0.0       0.0      0047
 -116.3359   34.8295  1.1675e+01  2.9293e+01  8.0365e+01  5.0000e-02  5.0000e-02  5.0000e-02  0.0000e+00  0.0000e+00  0.0000e+00       0.0       0.0      0048
 -117.9649   34.2440 -2.7885e+01 -9.7343e+00  1.5828e+01  5.0000e-02  5.0000e-02  5.0000e-02  0.0000e+00  0.0000e+00  0.0000e+00       0.0       0.0      0049
 -118.0260   34.3334 -2.6767e+01 -6.9660e+00  1.6491e+01  5.0000e-02  5.0000e-02  5.0000e-02  0.0000e+00  0.0000e+00  0.0000e+00       0.0       0.0      0050
 -116.7655   36.7465 -1.2686e+00  1.2694e+01  5.0896e+00  5.0000e-02  5.0000e-02  5.0000e-02  0.0000e+00  0.0000e+00  0.0000e+00       0.0       0.0      0051
 -117.8277   34.6405 -3.0988e+01  2.4981e+00  2.4646e+01  5.0000e-02  5.0000e-02  5.0000e-02  0.0000e+00  0.0000e+00  0.0000e+00       0.0       0.0      0052
 -118.9373   34.1096 -1.3440e+01 -2.8554e+00  6.0053e+00  5.0000e-02  5.0000e-02  5.0000e-02  0.0000e+00  0.0000e+00  0.0000e+00       0.0       0.0      0053
 -118.1273   34.1367 -2.1348e+01 -9.7379e+00  9.2806e+00  5.0000e-02  5.0000e-02  5.0000e-02  0.0000e+00  0.0000e+00  0.0000e+00       0.0       0.0      0054
 -117.4794   34.3138 -3.7281e+01 -9.3482e+00  3.8603e+01  5.0000e-02  5.0000e-02  5.0000e-02  0.0000e+00  0.0000e+00  0.0000e+00       0.0       0.0      0055
 -117.7088   34.1099 -3.3075e+01 -1.3109e+01  2.2562e+01  5.0000e-02  5.0000e-02  5.0000e-02  0.0000e+00  0.0000e+00  0.0000e+00       0.0       0.0      0056
 -118.4114   34.3532 -1.9479e+01 -3.4938e+00  1.0821e+01  5.0000e-02  5.0000e-02  5.0000e-02  0.0000e+00  0.0000e+00  0.0000e+00       0.0       0.0      0057
 -121.2785   37.8964 -2.1285e+00  1.8858e+00  4.4607e-01  5.0000e-02  5.0000e-02  5.0000e-02  0.0000e+00  0.0000e+00  0.0000e+00       0.0       0.0      0058
 -117.6089   33.8576 -2.8045e+01 -1.6044e+01  2.2086e+01  5.0000e-02  5.0000e-02  5.0000e-02  0.0000e+00  0.0000e+00  0.0000e+00       0.0       0.0      0059
 -119.8795   34.4149 -8.7152e+00 -2.7168e-01  2.8545e+00  5.0000e-02  5.0000e-02  5.0000e-02  0.0000e+00  0.0000e+00  0.0000e+00       0.0       0.0      0060
 -117.8089   35.9823 -1.0316e+01  1.4044e+01  8.6116e+00  5.0000e-02  5.0000e-02  5.0000e-02  0.0000e+00  0.0000e+00  0.0000e+00       0.0       0.0      0061
 -116.3869   33.7325  4.3385e+00 -3.7104e+01  4.3784e+01  5.0000e-02  5.0000e-02  5.0000e-02  0.0000e+00  0.0000e+00  0.0000e+00       0.0       0.0      0062
 -117.5730   35.0717 -2.7070e+01  1.6820e+01  2.7355e+01  5.0000e-02  5.0000e-02  5.0000e-02  0.0000e+00  0.0000e+00  0.0000e+00       0.0       0.0      0063
 -116.5693   36.8077 -4.0116e-01  1.2340e+01  4.8928e+00  5.0000e-02  5.0000e-02  5.0000e-02  0.0000e+00  0.0000e+00  0.0000e+00       0.0       0.0      0064
 -120.7508   35.7916 -4.8449e+00  1.8203e+00  1.2968e+00  5.0000e-02  5.0000e-02  5.0000e-02  0.0000e+00  0.0000e+00  0.0000e+00       0.0       0.0      0065
 -117.0997   34.0391 -2.9425e+01 -2.6214e+01  5.0621e+01  5.0000e-02  5.0000e-02  5.0000e-02  0.0000e+00  0.0000e+00  0.0000e+00       0.0       0.0      0066
 -118.2728   33.8235 -1.5772e+01 -6.1871e+00  7.9723e+00  5.0000e-02  5.0000e-02  5.0000e-02  0.0000e+00  0.0000e+00  0.0000e+00       0.0       0.0      0067
 -115.7350   33.0698  8.7735e+00 -1.9512e+01  1.2474e+01  5.0000e-02  5.0000e-02  5.0000e-02  0.0000e+00  0.0000e+00  0.0000e+00       0.0       0.0      0068
 -119.7848   34.0293 -8.7260e+00 -1.4544e+00  2.8377e+00  5.0000e-02  5.0000e-02  5.0000e-02  0.0000e+00  0.0000e+00  0.0000e+00       0.0       0.0      0069
 -119.0390   34.1684 -1.2881e+01 -2.2635e+00  5.6854e+00  5.0000e-02  5.0000e-02  5.0000e-02  0.0000e+00  0.0000e+00  0.0000e+00       0.0       0.0      0070
 -118.2567   33.8615 -1.5974e+01 -6.3322e+00  7.7109e+00  5.0000e-02  5.0000e-02  5.0000e-02  0.0000e+00  0.0000e+00  0.0000e+00       0.0       0.0      0071
 -118.5238   34.2535 -1.7438e+01 -3.8729e+00  9.2188e+00  5.0000e-02  5.0000e-02  5.0000e-02  0.0000e+00  0.0000e+00  0.0000e+00       0.0       0.0      0072
 -119.3712   34.4081 -1.1215e+01 -4.8854e-01  4.3822e+00  5.0000e-02  5.0000e-02  5.0000e-02  0.0000e+00  0.0000e+00  0.0000e+00       0.0       0.0      0073
 -118.6132   34.5165 -1.7745e+01 -6.5341e-01  9.1578e+00  5.0000e-02  5.0000e-02  5.0000e-02  0.0000e+00  0.0000e+00  0.0000e+00       0.0       0.0      0074
 -116.3704   34.1241  8.9693e+00 -3.2179e+01  7.7164e+01  5.0000e-02  5.0000e-02  5.0000e-02  0.0000e+00  0.0000e+00  0.0000e+00       0.0       0.0      0075
 -119.6739   34.9426 -9.4229e+00  1.5566e+00  3.2467e+00  5.0000e-02  5.0000e-02  5.0000e-02  0.0000e+00  0.0000e+00  0.0000e+00       0.0       0.0      0076
 -117.9017   34.0820 -2.8994e+01 -1.2030e+01  1.1842e+01  5.0000e-02  5.0000e-02  5.0000e-02  0.0000e+00  0.0000e+00  0.0000e+00       0.0       0.0      0077
 -118.3969   34.3348 -1.9504e+01 -3.8840e+00  1.0778e+01  5.0000e-02  5.0000e-02  5.0000e-02  0.0000e+00  0.0000e+00  0.0000e+00       0.0       0.0      0078
 -118.9812   37.7442 -2.6837e+00  4.3870e+00  1.2007e+00  5.0000e-02  5.0000e-02  5.0000e-02  0.0000e+00  0.0000e+00  0.0000e+00       0.0       0.0      0079
 -115.7880   33.3898  1.3002e+01 -2.4140e+01  1.9735e+01  5.0000e-02  5.0000e-02  5.0000e-02  0.0000e+00  0.0000e+00  0.0000e+00       0.0       0.0      0080
 -121.9156   37.8786 -2.0167e+00  1.4831e+00  3.9884e-01  5.0000e-02  5.0000e-02  5.0000e-02  0.0000e+00  0.0000e+00  0.0000e+00       0.0       0.0      0081
 -118.3485   34.0239 -1.6259e+01 -6.4554e+00  8.1807e+00  5.0000e-02  5.0000e-02  5.0000e-02  0.0000e+00  0.0000e+00  0.0000e+00       0.0       0.0      0082
 -117.2495   33.0365 -8.6068e+00 -1.8995e+01  1.1953e+01  5.0000e-02  5.0000e-02  5.0000e-02  0.0000e+00  0.0000e+00  0.0000e+00       0.0       0.0      0083
 -116.7121   33.7333 -8.9341e+00 -3.6256e+01  4.2635e+01  5.0000e-02  5.0000e-02  5.0000e-02  0.0000e+00  0.0000e+00  0.0000e+00       0.0       0.0      0084
 -117.8601   34.4134 -3.1111e+01 -4.8385e+00  2.2589e+01  5.0000e-02  5.0000e-02  5.0000e-02  0.0000e+00  0.0000e+00  0.0000e+00       0.0       0.0      0085
 -118.0393   37.7428 -2.1061e+00  5.6802e+00  1.6388e+00  5.0000e-02  5.0000e-02  5.0000e-02  0.0000e+00  0.0000e+00  0.0000e+00       0.0       0.0      0086
 -118.1260   33.9380 -1.8381e+01 -7.0571e+00  6.1169e+00  5.0000e-02  5.0000e-02  5.0000e-02  0.0000e+00  0.0000e+00  0.0000e+00       0.0       0.0      0087
 -118.3290   33.8868 -1.5389e+01 -6.1725e+00  7.7766e+00  5.0000e-02  5.0000e-02  5.0000e-02  0.0000e+00  0.0000e+00  0.0000e+00       0.0       0.0      0088
 -117.4117   33.6477 -2.1449e+01 -2.1609e+01  2.3194e+01  5.0000e-02  5.0000e-02  5.0000e-02  0.0000e+00  0.0000e+00  0.0000e+00       0.0       0.0      0089
 -114.2642   37.9155  2.2697e+00  4.4419e+00  1.2293e+00  5.0000e-02  5.0000e-02  5.0000e-02  0.0000e+00  0.0000e+00  0.0000e+00       0.0       0.0      0090
 -118.8304   34.9462 -1.4994e+01  3.2713e+00  7.0388e+00  5.0000e-02  5.0000e-02  5.0000e-02  0.0000e+00  0.0000e+00  0.0000e+00       0.0       0.0      0091
 -118.2084   34.0297 -1.7575e+01 -7.8395e+00  7.2179e+00  5.0000e-02  5.0000e-02  5.0000e-02  0.0000e+00  0.0000e+00  0.0000e+00       0.0       0.0      0092
 -117.5256   34.1042 -3.4075e+01 -1.5328e+01  3.1435e+01  5.0000e-02  5.0000e-02  5.0000e-02  0.0000e+00  0.0000e+00  0.0000e+00       0.0       0.0      0093
 -120.0094   34.7330 -8.1703e+00  6.5307e-01  2.5915e+00  5.0000e-02  5.0000e-02  5.0000e-02  0.0000e+00  0.0000e+00  0.0000e+00       0.0       0.0      0094
 -118.8941   34.4099 -1.4715e+01 -1.1438e+00  6.7771e+00  5.0000e-02  5.0000e-02  5.0000e-02  0.0000e+00  0.0000e+00  0.0000e+00       0.0       0.0      0095
 -118.8840   34.3563 -1.4695e+01 -1.4967e+00  6.7076e+00  5.0000e-02  5.0000e-02  5.0000e-02  0.0000e+00  0.0000e+00  0.0000e+00       0.0       0.0      0096
 -117.9357   33.6623 -1.9800e+01 -1.0247e+01  1.1876e+01  5.0000e-02  5.0000e-02  5.0000e-02  0.0000e+00  0.0000e+00  0.0000e+00       0.0       0.0      0097
 -118.3595   34.0806 -1.6760e+01 -6.4170e+00  8.7205e+00  5.0000e-02  5.0000e-02  5.0000e-02  0.0000e+00  0.0000e+00  0.0000e+00       0.0       0.0      0098
 -118.8934   34.8002 -1.4783e+01  1.9547e+00  6.7167e+00  5.0000e-02  5.0000e-02  5.0000e-02  0.0000e+00  0.0000e+00  0.0000e+00       0.0       0.0      0099
 -119.8637   35.1894 -8.0995e+00  2.0284e+00  2.7601e+00  5.0000e-02  5.0000e-02  5.0000e-02  0.0000e+00  0.0000e+00  0.0000e+00       0.0       0.0      0100
 -117.3979   34.2039 -3.6250e+01 -1.4417e+01  4.0765e+01  5.0000e-02  5.0000e-02  5.0000e-02  0.0000e+00  0.0000e+00  0.0000e+00       0.0       0.0      0101
 -115.5214   33.2748  1.2988e+01 -1.9148e+01  1.4171e+01  5.0000e-02  5.0000e-02  5.0000e-02  0.0000e+00  0.0000e+00  0.0000e+00       0.0       0.0      0102
 -114.8273   33.0511  1.0596e+01 -1.0889e+01  6.8209e+00  5.0000e-02  5.0000e-02  5.0000e-02  0.0000e+00  0.0000e+00  0.0000e+00       0.0       0.0      0103
 -115.6602   34.7840  3.4699e+01  1.4497e+01  4.5380e+01  5.0000e-02  5.0000e-02  5.0000e-02  0.0000e+00  0.0000e+00  0.0000e+00       0.0       0.0      0104
 -114.1894   34.3086  1.6203e+01 -1.3660e+00  7.6483e+00  5.0000e-02  5.0000e-02  5.0000e-02  0.0000e+00  0.0000e+00  0.0000e+00       0.0       0.0      0105
 -116.8892   35.4252 -1.1211e+01  3.1702e+01  3.0996e+01  5.0000e-02  5.0000e-02  5.0000e-02  0.0000e+00  0.0000e+00  0.0000e+00       0.0       0.0      0106
 -118.1129   34.0474 -2.0038e+01 -9.4561e+00  6.5336e+00  5.0000e-02  5.0000e-02  5.0000e-02  0.0000e+00  0.0000e+00  0.0000e+00       0.0       0.0      0107
 -120.6821   34.4694 -5.9978e+00  2.2040e-03  1.5464e+00  5.0000e-02  5.0000e-02  5.0000e-02  0.0000e+00  0.0000e+00  0.0000e+00       0.0       0.0      0108
 -118.2858   33.7836 -1.5635e+01 -6.3123e+00  8.0528e+00  5.0000e-02  5.0000e-02  5.0000e-02  0.0000e+00  0.0000e+00  0.0000e+00       0.0       0.0      0109
 -116.4301   34.7548  5.2517e+00  2.4954e+01  8.8548e+01  5.0000e-02  5.0000e-02  5.0000e-02  0.0000e+00  0.0000e+00  0.0000e+00       0.0       0.0      0110
 -117.7995   34.7599 -3.0407e+01  6.2653e+00  2.4870e+01  5.0000e-02  5.0000e-02  5.0000e-02  0.0000e+00  0.0000e+00  0.0000e+00       0.0       0.0      0111
 -115.6353   33.7050  2.1370e+01 -2.3256e+01  2.6658e+01  5.0000e-02  5.0000e-02  5.0000e-02  0.0000e+00  0.0000e+00  0.0000e+00       0.0       0.0      0112
 -120.4795   35.8667 -5.3316e+00  2.3015e+00  1.5638e+00  5.0000e-02  5.0000e-02  5.0000e-02  0.0000e+00  0.0000e+00  0.0000e+00       0.0       0.0      0113
 -117.8452   34.4582 -3.1313e+01 -3.3778e+00  2.3538e+01  5.0000e-02  5.0000e-02  5.0000e-02  0.0000e+00  0.0000e+00  0.0000e+00       0.0       0.0      0114
 -118.1682   33.9245 -1.7362e+01 -6.7097e+00  6.6139e+00  5.0000e-02  5.0000e-02  5.0000e-02  0.0000e+00  0.0000e+00  0.0000e+00       0.0       0.0      0115
 -118.8212   37.6586 -2.7615e+00  4.7275e+00  1.3654e+00  5.0000e-02  5.0000e-02  5.0000e-02  0.0000e+00  0.0000e+00  0.0000e+00       0.0       0.0      0116
 -120.4024   35.8808 -5.3849e+00  2.5134e+00  1.5085e+00  5.0000e-02  5.0000e-02  5.0000e-02  0.0000e+00  0.0000e+00  0.0000e+00       0.0       0.0      0117
 -119.1875   34.4412 -1.2536e+01 -5.9617e-01  5.1160e+00  5.0000e-02  5.0000e-02  5.0000e-02  0.0000e+00  0.0000e+00  0.0000e+00       0.0       0.0      0118
 -115.9114   34.7273  3.3925e+01  1.6152e+01  6.3411e+01  5.0000e-02  5.0000e-02  5.0000e-02  0.0000e+00  0.0000e+00  0.0000e+00       0.0       0.0      0119
 -115.0318   32.7062  7.6718e+00 -1.1028e+01  5.6526e+00  5.0000e-02  5.0000e-02  5.0000e-02  0.0000e+00  0.0000e+00  0.0000e+00       0.0       0.0      0120
 -115.1451   34.1576  2.7991e+01 -8.2530e+00  2.2556e+01  5.0000e-02  5.0000e-02  5.0000e-02  0.0000e+00  0.0000e+00  0.0000e+00       0.0       0.0      0121
 -118.4743   35.6623 -1.2449e+01  8.8271e+00  6.9477e+00  5.0000e-02  5.0000e-02  5.0000e-02  0.0000e+00  0.0000e+00  0.0000e+00       0.0       0.0      0122
 -115.5068   32.8294  7.6688e+00 -1.5121e+01  8.1796e+00  5.0000e-02  5.0000e-02  5.0000e-02  0.0000e+00  0.0000e+00  0.0000e+00       0.0       0.0      0123
 -119.0847   37.7717 -2.6496e+00  4.1609e+00  1.1619e+00  5.0000e-02  5.0000e-02  5.0000e-02  0.0000e+00  0.0000e+00  0.0000e+00       0.0       0.0      0124
 -116.0990   36.4588  2.4026e+00  1.5331e+01  7.0558e+00  5.0000e-02  5.0000e-02  5.0000e-02  0.0000e+00  0.0000e+00  0.0000e+00       0.0       0.0      0125
 -118.1732   34.2048 -2.1523e+01 -8.3514e+00  1.1005e+01  5.0000e-02  5.0000e-02  5.0000e-02  0.0000e+00  0.0000e+00  0.0000e+00       0.0       0.0      0126
 -119.0082   34.3985 -1.3736e+01 -9.2400e-01  6.0603e+00  5.0000e-02  5.0000e-02  5.0000e-02  0.0000e+00  0.0000e+00  0.0000e+00       0.0       0.0      0127
 -118.9792   37.6591 -2.8307e+00  4.4752e+00  1.2555e+00  5.0000e-02  5.0000e-02  5.0000e-02  0.0000e+00  0.0000e+00  0.0000e+00       0.0       0.0      0128
 -118.8805   37.7133 -2.6531e+00  4.6443e+00  1.3034e+00  5.0000e-02  5.0000e-02  5.0000e-02  0.0000e+00  0.0000e+00  0.0000e+00       0.0       0.0      0129
 -116.1734   33.9254  1.6208e+01 -3.4727e+01  5.4576e+01  5.0000e-02  5.0000e-02  5.0000e-02  0.0000e+00  0.0000e+00  0.0000e+00       0.0       0.0      0130
 -120.4733   35.8998 -5.3147e+00  2.2927e+00  1.4110e+00  5.0000e-02  5.0000e-02  5.0000e-02  0.0000e+00  0.0000e+00  0.0000e+00       0.0       0.0      0131
 -118.5746   34.1819 -1.6409e+01 -4.1658e+00  8.4947e+00  5.0000e-02  5.0000e-02  5.0000e-02  0.0000e+00  0.0000e+00  0.0000e+00       0.0       0.0      0132
 -118.3065   33.9279 -1.5713e+01 -6.3503e+00  7.6798e+00  5.0000e-02  5.0000e-02  5.0000e-02  0.0000e+00  0.0000e+00  0.0000e+00       0.0       0.0      0133
 -118.1372   33.8321 -1.7626e+01 -6.3279e+00  7.7617e+00  5.0000e-02  5.0000e-02  5.0000e-02  0.0000e+00  0.0000e+00  0.0000e+00       0.0       0.0      0134
 -118.1732   33.7916 -1.7038e+01 -6.5360e+00  8.1350e+00  5.0000e-02  5.0000e-02  5.0000e-02  0.0000e+00  0.0000e+00  0.0000e+00       0.0       0.0      0135
 -118.2033   33.7878 -1.6506e+01 -6.3605e+00  8.1368e+00  5.0000e-02  5.0000e-02  5.0000e-02  0.0000e+00  0.0000e+00  0.0000e+00       0.0       0.0      0136
 -116.4328   34.2673  5.2578e+00 -2.3421e+01  9.0277e+01  5.0000e-02  5.0000e-02  5.0000e-02  0.0000e+00  0.0000e+00  0.0000e+00       0.0       0.0      0137
 -116.2091   34.6994  2.2154e+01  1.8710e+01  8.4314e+01  5.0000e-02  5.0000e-02  5.0000e-02  0.0000e+00  0.0000e+00  0.0000e+00       0.0       0.0      0138
 -118.3218   34.1346 -1.7879e+01 -6.6469e+00  9.2785e+00  5.0000e-02  5.0000e-02  5.0000e-02  0.0000e+00  0.0000e+00  0.0000e+00       0.0       0.0      0139
 -118.4128   34.0951 -1.6625e+01 -5.9461e+00  8.7267e+00  5.0000e-02  5.0000e-02  5.0000e-02  0.0000e+00  0.0000e+00  0.0000e+00       0.0       0.0      0140
 -119.0173   37.6372 -2.8471e+00  4.4179e+00  1.3084e+00  5.0000e-02  5.0000e-02  5.0000e-02  0.0000e+00  0.0000e+00  0.0000e+00       0.0       0.0      0141
 -118.1392   34.6620 -2.4897e+01  1.6371e+00  1.6144e+01  5.0000e-02  5.0000e-02  5.0000e-02  0.0000e+00  0.0000e+00  0.0000e+00       0.0       0.0      0142
 -116.3082   36.7459  6.9349e-01  1.2738e+01  5.0595e+00  5.0000e-02  5.0000e-02  5.0000e-02  0.0000e+00  0.0000e+00  0.0000e+00       0.0       0.0      0143
 -118.8677   34.8075 -1.5004e+01  2.0918e+00  6.9176e+00  5.0000e-02  5.0000e-02  5.0000e-02  0.0000e+00  0.0000e+00  0.0000e+00       0.0       0.0      0144
 -117.8350   34.4855 -3.1573e+01 -2.3947e+00  2.4144e+01  5.0000e-02  5.0000e-02  5.0000e-02  0.0000e+00  0.0000e+00  0.0000e+00       0.0       0.0      0145
 -117.8379   34.5860 -3.1105e+01  8.6106e-01  2.4285e+01  5.0000e-02  5.0000e-02  5.0000e-02  0.0000e+00  0.0000e+00  0.0000e+00       0.0       0.0      0146
 -119.0579   36.3600 -6.5751e+00  5.9172e+00  2.8544e+00  5.0000e-02  5.0000e-02  5.0000e-02  0.0000e+00  0.0000e+00  0.0000e+00       0.0       0.0      0147
 -116.9397   35.0902 -2.0447e+01  3.2272e+01  4.9737e+01  5.0000e-02  5.0000e-02  5.0000e-02  0.0000e+00  0.0000e+00  0.0000e+00       0.0       0.0      0148
 -118.0034   34.1119 -2.5423e+01 -1.1413e+01  9.5453e+00  5.0000e-02  5.0000e-02  5.0000e-02  0.0000e+00  0.0000e+00  0.0000e+00       0.0       0.0      0149
 -117.7541   34.1333 -3.2671e+01 -1.2507e+01  2.0851e+01  5.0000e-02  5.0000e-02  5.0000e-02  0.0000e+00  0.0000e+00  0.0000e+00       0.0       0.0      0150
 -120.5943   35.8287 -5.1798e+00  1.9702e+00  1.4291e+00  5.0000e-02  5.0000e-02  5.0000e-02  0.0000e+00  0.0000e+00  0.0000e+00       0.0       0.0      0151
 -117.9567   34.0268 -2.6340e+01 -1.0675e+01  7.9243e+00  5.0000e-02  5.0000e-02  5.0000e-02  0.0000e+00  0.0000e+00  0.0000e+00       0.0       0.0      0152
 -121.8652   37.2869 -2.4102e+00  1.5673e+00  4.8737e-01  5.0000e-02  5.0000e-02  5.0000e-02  0.0000e+00  0.0000e+00  0.0000e+00       0.0       0.0      0153
 -119.1037   34.7336 -1.3080e+01  1.2017e+00  5.5536e+00  5.0000e-02  5.0000e-02  5.0000e-02  0.0000e+00  0.0000e+00  0.0000e+00       0.0       0.0      0154
 -115.1913   36.1595  8.3719e+00  1.3172e+01  7.0842e+00  5.0000e-02  5.0000e-02  5.0000e-02  0.0000e+00  0.0000e+00  0.0000e+00       0.0       0.0      0155
 -120.4431   35.8326 -5.4750e+00  2.3693e+00  1.5063e+00  5.0000e-02  5.0000e-02  5.0000e-02  0.0000e+00  0.0000e+00  0.0000e+00       0.0       0.0      0156
 -117.4367   33.8568 -2.7649e+01 -2.0486e+01  2.8393e+01  5.0000e-02  5.0000e-02  5.0000e-02  0.0000e+00  0.0000e+00  0.0000e+00       0.0       0.0      0157
 -115.9790   36.6325  2.4615e+00  1.3304e+01  5.6178e+00  5.0000e-02  5.0000e-02  5.0000e-02  0.0000e+00  0.0000e+00  0.0000e+00       0.0       0.0      0158
 -121.6426   37.3415 -2.3829e+00  1.7089e+00  5.2650e-01  5.0000e-02  5.0000e-02  5.0000e-02  0.0000e+00  0.0000e+00  0.0000e+00       0.0       0.0      0159
 -118.2441   33.9391 -1.6214e+01 -6.6298e+00  7.1670e+00  5.0000e-02  5.0000e-02  5.0000e-02  0.0000e+00  0.0000e+00  0.0000e+00       0.0       0.0      0160
 -120.4588   35.9219 -5.2843e+00  2.3760e+00  1.4455e+00  5.0000e-02  5.0000e-02  5.0000e-02  0.0000e+00  0.0000e+00  0.0000e+00       0.0       0.0      0161
 -120.3514   34.0383 -6.6683e+00 -8.3924e-01  1.8965e+00  5.0000e-02  5.0000e-02  5.0000e-02  0.0000e+00  0.0000e+00  0.0000e+00       0.0       0.0      0162
 -119.0609   37.6538 -2.8901e+00  4.3540e+00  1.2480e+00  5.0000e-02  5.0000e-02  5.0000e-02  0.0000e+00  0.0000e+00  0.0000e+00       0.0       0.0      0163
 -117.5505   33.7145 -2.3716e+01 -1.8176e+01  2.1190e+01  5.0000e-02  5.0000e-02  5.0000e-02  0.0000e+00  0.0000e+00  0.0000e+00       0.0       0.0      0164
 -117.3180   33.9184 -2.8820e+01 -2.2783e+01  3.4914e+01  5.0000e-02  5.0000e-02  5.0000e-02  0.0000e+00  0.0000e+00  0.0000e+00       0.0       0.0      0165
 -120.4341   35.9695 -5.1600e+00  2.5050e+00  1.5235e+00  5.0000e-02  5.0000e-02  5.0000e-02  0.0000e+00  0.0000e+00  0.0000e+00       0.0       0.0      0166
 -121.8669   37.4853 -2.2409e+00  1.6169e+00  4.3731e-01  5.0000e-02  5.0000e-02  5.0000e-02  0.0000e+00  0.0000e+00  0.0000e+00       0.0       0.0      0167
 -116.4223   32.8919  7.6435e-01 -2.0679e+01  1.1619e+01  5.0000e-02  5.0000e-02  5.0000e-02  0.0000e+00  0.0000e+00  0.0000e+00       0.0       0.0      0168
 -118.8780   34.2955 -1.4571e+01 -1.9741e+00  6.7211e+00  5.0000e-02  5.0000e-02  5.0000e-02  0.0000e+00  0.0000e+00  0.0000e+00       0.0       0.0      0169
 -117.8817   34.1752 -3.0102e+01 -1.1539e+01  1.6254e+01  5.0000e-02  5.0000e-02  5.0000e-02  0.0000e+00  0.0000e+00  0.0000e+00       0.0       0.0      0170
 -117.2101   34.2308 -3.6326e+01 -1.6618e+01  5.3091e+01  5.0000e-02  5.0000e-02  5.0000e-02  0.0000e+00  0.0000e+00  0.0000e+00       0.0       0.0      0171
 -118.2455   34.0552 -1.7428e+01 -7.5452e+00  7.9449e+00  5.0000e-02  5.0000e-02  5.0000e-02  0.0000e+00  0.0000e+00  0.0000e+00       0.0       0.0      0172
 -119.3093   37.1699 -3.9138e+00  4.4447e+00  1.5133e+00  5.0000e-02  5.0000e-02  5.0000e-02  0.0000e+00  0.0000e+00  0.0000e+00       0.0       0.0      0173
 -119.0960   34.2616 -1.2737e+01 -1.6258e+00  5.5254e+00  5.0000e-02  5.0000e-02  5.0000e-02  0.0000e+00  0.0000e+00  0.0000e+00       0.0       0.0      0174
 -116.5253   33.2109 -5.8767e-01 -2.6794e+01  1.8798e+01  5.0000e-02  5.0000e-02  5.0000e-02  0.0000e+00  0.0000e+00  0.0000e+00       0.0       0.0      0175
 -118.9447   37.6405 -2.8100e+00  4.5462e+00  1.1614e+00  5.0000e-02  5.0000e-02  5.0000e-02  0.0000e+00  0.0000e+00  0.0000e+00       0.0       0.0      0176
 -116.1482   34.5086  2.7553e+01  9.1581e-01  8.6134e+01  5.0000e-02  5.0000e-02  5.0000e-02  0.0000e+00  0.0000e+00  0.0000e+00       0.0       0.0      0177
 -114.6186   34.7677  2.0905e+01  3.9360e+00  1.2149e+01  5.0000e-02  5.0000e-02  5.0000e-02  0.0000e+00  0.0000e+00  0.0000e+00       0.0       0.0      0178
 -119.1413   34.4987 -1.2880e+01 -2.4787e-01  5.2589e+00  5.0000e-02  5.0000e-02  5.0000e-02  0.0000e+00  0.0000e+00  0.0000e+00       0.0       0.0      0179
 -117.5696   33.9197 -2.9822e+01 -1.6801e+01  2.4857e+01  5.0000e-02  5.0000e-02  5.0000e-02  0.0000e+00  0.0000e+00  0.0000e+00       0.0       0.0      0180
 -118.3480   33.9797 -1.5862e+01 -6.2785e+00  7.9626e+00  5.0000e-02  5.0000e-02  5.0000e-02  0.0000e+00  0.0000e+00  0.0000e+00       0.0       0.0      0181
 -116.9727   32.5793 -3.3280e+00 -1.5346e+01  7.1911e+00  5.0000e-02  5.0000e-02  5.0000e-02  0.0000e+00  0.0000e+00  0.0000e+00       0.0       0.0      0182
 -116.0677   34.1410  2.6260e+01 -2.6248e+01  6.6173e+01  5.0000e-02  5.0000e-02  5.0000e-02  0.0000e+00  0.0000e+00  0.0000e+00       0.0       0.0      0183
 -118.6014   34.3299 -1.7143e+01 -2.6805e+00  8.8877e+00  5.0000e-02  5.0000e-02  5.0000e-02  0.0000e+00  0.0000e+00  0.0000e+00       0.0       0.0      0184
 -117.7441   33.7659 -2.4857e+01 -1.3166e+01  1.6365e+01  5.0000e-02  5.0000e-02  5.0000e-02  0.0000e+00  0.0000e+00  0.0000e+00       0.0       0.0      0185
 -117.0418   33.1306 -7.7475e+00 -2.2234e+01  1.4770e+01  5.0000e-02  5.0000e-02  5.0000e-02  0.0000e+00  0.0000e+00  0.0000e+00       0.0       0.0      0186
 -115.9181   34.3699  3.5669e+01 -9.3544e+00  6.6894e+01  5.0000e-02  5.0000e-02  5.0000e-02  0.0000e+00  0.0000e+00  0.0000e+00       0.0       0.0      0187
 -116.3055   34.4277  1.6614e+01 -7.6151e+00  9.4425e+01  5.0000e-02  5.0000e-02  5.0000e-02  0.0000e+00  0.0000e+00  0.0000e+00       0.0       0.0      0188
 -116.0834   34.3671  3.0088e+01 -1.1486e+01  7.9234e+01  5.0000e-02  5.0000e-02  5.0000e-02  0.0000e+00  0.0000e+00  0.0000e+00       0.0       0.0      0189
 -116.1495   34.4301  2.7327e+01 -6.5242e+00  8.5503e+01  5.0000e-02  5.0000e-02  5.0000e-02  0.0000e+00  0.0000e+00  0.0000e+00       0.0       0.0      0190
 -116.2923   34.5330  1.7678e+01  3.5351e+00  9.4581e+01  5.0000e-02  5.0000e-02  5.0000e-02  0.0000e+00  0.0000e+00  0.0000e+00       0.0       0.0      0191
 -120.2786   34.7391 -7.1365e+00  6.4401e-01  1.9998e+00  5.0000e-02  5.0000e-02  5.0000e-02  0.0000e+00  0.0000e+00  0.0000e+00       0.0       0.0      0192
 -116.8151   34.6749 -2.4882e+01  1.6012e+01  8.4099e+01  5.0000e-02  5.0000e-02  5.0000e-02  0.0000e+00  0.0000e+00  0.0000e+00       0.0       0.0      0193
 -119.1419   34.3274 -1.2668e+01 -1.1322e+00  5.3370e+00  5.0000e-02  5.0000e-02  5.0000e-02  0.0000e+00  0.0000e+00  0.0000e+00       0.0       0.0      0194
 -118.2073   34.1288 -1.9360e+01 -8.4248e+00  9.0469e+00  5.0000e-02  5.0000e-02  5.0000e-02  0.0000e+00  0.0000e+00  0.0000e+00       0.0       0.0      0195
 -119.3534   34.6834 -1.1518e+01  7.2010e-01  4.4758e+00  5.0000e-02  5.0000e-02  5.0000e-02  0.0000e+00  0.0000e+00  0.0000e+00       0.0       0.0      0196
 -114.0050   32.7225  7.1887e+00 -5.8381e+00  3.0636e+00  5.0000e-02  5.0000e-02  5.0000e-02  0.0000e+00  0.0000e+00  0.0000e+00       0.0       0.0      0197
 -119.0629   36.0274 -8.0754e+00  5.8788e+00  3.5476e+00  5.0000e-02  5.0000e-02  5.0000e-02  0.0000e+00  0.0000e+00  0.0000e+00       0.0       0.0      0198
 -116.1698   32.6165  2.3584e+00 -1.6289e+01  7.8763e+00  5.0000e-02  5.0000e-02  5.0000e-02  0.0000e+00  0.0000e+00  0.0000e+00       0.0       0.0      0199
 -121.0030   35.5517 -4.8089e+00  1.4155e+00  1.1717e+00  5.0000e-02  5.0000e-02  5.0000e-02  0.0000e+00  0.0000e+00  0.0000e+00       0.0       0.0      0200
 -121.7925   36.4855 -3.0995e+00  1.4788e+00  6.7849e-01  5.0000e-02  5.0000e-02  5.0000e-02  0.0000e+00  0.0000e+00  0.0000e+00       0.0       0.0      0201
 -121.7318   36.8161 -2.7658e+00  1.6450e+00  5.7144e-01  5.0000e-02  5.0000e-02  5.0000e-02  0.0000e+00  0.0000e+00  0.0000e+00       0.0       0.0      0202
 -121.9908   37.2017 -2.3552e+00  1.4542e+00  4.5326e-01  5.0000e-02  5.0000e-02  5.0000e-02  0.0000e+00  0.0000e+00  0.0000e+00       0.0       0.0      0203
 -121.6506   37.1045 -2.5946e+00  1.7291e+00  5.2766e-01  5.0000e-02  5.0000e-02  5.0000e-02  0.0000e+00  0.0000e+00  0.0000e+00       0.0       0.0      0204
 -121.7140   37.2035 -2.5455e+00  1.6744e+00  5.6577e-01  5.0000e-02  5.0000e-02  5.0000e-02  0.0000e+00  0.0000e+00  0.0000e+00       0.0       0.0      0205
 -121.6869   37.6018 -2.2170e+00  1.6710e+00  5.3525e-01  5.0000e-02  5.0000e-02  5.0000e-02  0.0000e+00  0.0000e+00  0.0000e+00       0.0       0.0      0206
 -121.9780   37.7494 -1.9586e+00  1.5086e+00  4.3868e-01  5.0000e-02  5.0000e-02  5.0000e-02  0.0000e+00  0.0000e+00  0.0000e+00       0.0       0.0      0207
 -121.7864   37.8190 -2.0822e+00  1.6304e+00  4.2353e-01  5.0000e-02  5.0000e-02  5.0000e-02  0.0000e+00  0.0000e+00  0.0000e+00       0.0       0.0      0208
 -121.5545   36.9035 -2.8471e+00  1.7140e+00  6.0213e-01  5.0000e-02  5.0000e-02  5.0000e-02  0.0000e+00  0.0000e+00  0.0000e+00       0.0       0.0      0209
 -121.5420   37.0078 -2.7952e+00  1.7669e+00  6.7676e-01  5.0000e-02  5.0000e-02  5.0000e-02  0.0000e+00  0.0000e+00  0.0000e+00       0.0       0.0      0210
 -121.4632   36.9539 -2.8702e+00  1.8958e+00  6.5947e-01  5.0000e-02  5.0000e-02  5.0000e-02  0.0000e+00  0.0000e+00  0.0000e+00       0.0       0.0      0211
 -121.3545   37.0108 -2.9107e+00  1.8713e+00  6.9630e-01  5.0000e-02  5.0000e-02  5.0000e-02  0.0000e+00  0.0000e+00  0.0000e+00       0.0       0.0      0212
 -121.0644   36.6116 -3.5375e+00  2.0985e+00  8.4008e-01  5.0000e-02  5.0000e-02  5.0000e-02  0.0000e+00  0.0000e+00  0.0000e+00       0.0       0.0      0213
 -121.0577   37.1696 -2.9213e+00  2.1331e+00  7.8395e-01  5.0000e-02  5.0000e-02  5.0000e-02  0.0000e+00  0.0000e+00  0.0000e+00       0.0       0.0      0214
 -121.6048   37.9320 -2.0771e+00  1.7800e+00  4.5602e-01  5.0000e-02  5.0000e-02  5.0000e-02  0.0000e+00  0.0000e+00  0.0000e+00       0.0       0.0      0215
 -121.4640   37.7553 -2.1921e+00  1.7809e+00  3.8882e-01  5.0000e-02  5.0000e-02  5.0000e-02  0.0000e+00  0.0000e+00  0.0000e+00       0.0       0.0      0216
 -121.1006   37.4330 -2.6185e+00  2.2152e+00  6.0519e-01  5.0000e-02  5.0000e-02  5.0000e-02  0.0000e+00  0.0000e+00  0.0000e+00       0.0       0.0      0217
 -121.0608   35.7112 -4.4881e+00  1.5147e+00  1.0882e+00  5.0000e-02  5.0000e-02  5.0000e-02  0.0000e+00  0.0000e+00  0.0000e+00       0.0       0.0      0218
 -120.3895   35.8411 -5.6542e+00  2.3013e+00  1.6543e+00  5.0000e-02  5.0000e-02  5.0000e-02  0.0000e+00  0.0000e+00  0.0000e+00       0.0       0.0      0219
 -120.3452   35.8378 -5.5932e+00  2.4486e+00  1.5959e+00  5.0000e-02  5.0000e-02  5.0000e-02  0.0000e+00  0.0000e+00  0.0000e+00       0.0       0.0      0220
 -120.2853   35.8067 -5.7859e+00  2.4943e+00  1.7674e+00  5.0000e-02  5.0000e-02  5.0000e-02  0.0000e+00  0.0000e+00  0.0000e+00       0.0       0.0      0221
 -120.9068   35.9333 -4.5354e+00  1.9144e+00  1.1602e+00  5.0000e-02  5.0000e-02  5.0000e-02  0.0000e+00  0.0000e+00  0.0000e+00       0.0       0.0      0222
 -120.6978   36.0248 -4.8438e+00  2.1028e+00  1.1824e+00  5.0000e-02  5.0000e-02  5.0000e-02  0.0000e+00  0.0000e+00  0.0000e+00       0.0       0.0      0223
 -120.8424   35.6971 -4.8847e+00  1.7303e+00  1.2638e+00  5.0000e-02  5.0000e-02  5.0000e-02  0.0000e+00  0.0000e+00  0.0000e+00       0.0       0.0      0224
 -120.5519   35.9741 -4.9535e+00  2.3948e+00  1.3152e+00  5.0000e-02  5.0000e-02  5.0000e-02  0.0000e+00  0.0000e+00  0.0000e+00       0.0       0.0      0225
 -120.2770   36.3044 -4.9845e+00  2.8969e+00  1.3885e+00  5.0000e-02  5.0000e-02  5.0000e-02  0.0000e+00  0.0000e+00  0.0000e+00       0.0       0.0      0226
 -120.7431   36.8063 -3.4946e+00  2.4677e+00  9.6332e-01  5.0000e-02  5.0000e-02  5.0000e-02  0.0000e+00  0.0000e+00  0.0000e+00       0.0       0.0      0227
 -120.6186   36.6347 -3.8726e+00  2.4880e+00  1.1197e+00  5.0000e-02  5.0000e-02  5.0000e-02  0.0000e+00  0.0000e+00  0.0000e+00       0.0       0.0      0228
 -120.7053   37.0544 -3.2502e+00  2.4316e+00  8.4740e-01  5.0000e-02  5.0000e-02  5.0000e-02  0.0000e+00  0.0000e+00  0.0000e+00       0.0       0.0      0229
 -120.3566   36.7390 -3.9691e+00  2.8862e+00  1.2100e+00  5.0000e-02  5.0000e-02  5.0000e-02  0.0000e+00  0.0000e+00  0.0000e+00       0.0       0.0      0230
 -120.1968   37.3522 -3.1768e+00  3.0569e+00  9.8757e-01  5.0000e-02  5.0000e-02  5.0000e-02  0.0000e+00  0.0000e+00  0.0000e+00       0.0       0.0      0231
 -120.0579   36.9473 -3.8422e+00  3.3944e+00  1.2401e+00  5.0000e-02  5.0000e-02  5.0000e-02  0.0000e+00  0.0000e+00  0.0000e+00       0.0       0.0      0232
 -117.3939   34.4624 -3.8906e+01 -2.9629e+00  4.5633e+01  5.0000e-02  5.0000e-02  5.0000e-02  0.0000e+00  0.0000e+00  0.0000e+00       0.0       0.0      0233
 -117.5409   33.5621 -1.9584e+01 -1.8598e+01  1.8469e+01  5.0000e-02  5.0000e-02  5.0000e-02  0.0000e+00  0.0000e+00  0.0000e+00       0.0       0.0      0234
 -117.1047   32.8892 -5.9746e+00 -1.8294e+01  1.0387e+01  5.0000e-02  5.0000e-02  5.0000e-02  0.0000e+00  0.0000e+00  0.0000e+00       0.0       0.0      0235
 -116.9495   32.7338 -3.9187e+00 -1.7074e+01  8.8057e+00  5.0000e-02  5.0000e-02  5.0000e-02  0.0000e+00  0.0000e+00  0.0000e+00       0.0       0.0      0236
 -117.2487   33.3552 -1.3365e+01 -2.2799e+01  1.8116e+01  5.0000e-02  5.0000e-02  5.0000e-02  0.0000e+00  0.0000e+00  0.0000e+00       0.0       0.0      0237
 -117.1897   33.4396 -1.4368e+01 -2.4710e+01  2.1247e+01  5.0000e-02  5.0000e-02  5.0000e-02  0.0000e+00  0.0000e+00  0.0000e+00       0.0       0.0      0238
 -117.1134   33.5028 -1.4616e+01 -2.6703e+01  2.4376e+01  5.0000e-02  5.0000e-02  5.0000e-02  0.0000e+00  0.0000e+00  0.0000e+00       0.0       0.0      0239
 -117.0716   33.2357 -9.4464e+00 -2.3523e+01  1.6962e+01  5.0000e-02  5.0000e-02  5.0000e-02  0.0000e+00  0.0000e+00  0.0000e+00       0.0       0.0      0240
 -116.7829   33.4933 -7.8565e+00 -3.1426e+01  2.8234e+01  5.0000e-02  5.0000e-02  5.0000e-02  0.0000e+00  0.0000e+00  0.0000e+00       0.0       0.0      0241
 -116.3485   32.9760  1.6358e+00 -2.2005e+01  1.3022e+01  5.0000e-02  5.0000e-02  5.0000e-02  0.0000e+00  0.0000e+00  0.0000e+00       0.0       0.0      0242
 -116.6714   33.2402 -3.3234e+00 -2.6954e+01  1.9366e+01  5.0000e-02  5.0000e-02  5.0000e-02  0.0000e+00  0.0000e+00  0.0000e+00       0.0       0.0      0243
 -116.5693   33.0592 -1.1657e+00 -2.3639e+01  1.4777e+01  5.0000e-02  5.0000e-02  5.0000e-02  0.0000e+00  0.0000e+00  0.0000e+00       0.0       0.0      0244
 -116.6208   33.3756 -2.9045e+00 -3.0127e+01  2.4272e+01  5.0000e-02  5.0000e-02  5.0000e-02  0.0000e+00  0.0000e+00  0.0000e+00       0.0       0.0      0245
 -116.3223   33.2602  3.2160e+00 -2.7372e+01  2.0006e+01  5.0000e-02  5.0000e-02  5.0000e-02  0.0000e+00  0.0000e+00  0.0000e+00       0.0       0.0      0246
 -116.2268   33.5747  8.0563e+00 -3.3220e+01  3.2404e+01  5.0000e-02  5.0000e-02  5.0000e-02  0.0000e+00  0.0000e+00  0.0000e+00       0.0       0.0      0247
 -115.7321   32.7597  5.9702e+00 -1.5927e+01  8.3795e+00  5.0000e-02  5.0000e-02  5.0000e-02  0.0000e+00  0.0000e+00  0.0000e+00       0.0       0.0      0248
 -115.6284   33.0450  9.2861e+00 -1.8301e+01  1.1411e+01  5.0000e-02  5.0000e-02  5.0000e-02  0.0000e+00  0.0000e+00  0.0000e+00       0.0       0.0      0249
 -115.5959   32.7506  6.7231e+00 -1.5004e+01  7.8389e+00  5.0000e-02  5.0000e-02  5.0000e-02  0.0000e+00  0.0000e+00  0.0000e+00       0.0       0.0      0250
 -115.5770   32.8347  7.3796e+00 -1.5574e+01  8.5112e+00  5.0000e-02  5.0000e-02  5.0000e-02  0.0000e+00  0.0000e+00  0.0000e+00       0.0       0.0      0251
 -115.5696   32.8984  7.9137e+00 -1.6307e+01  9.1362e+00  5.0000e-02  5.0000e-02  5.0000e-02  0.0000e+00  0.0000e+00  0.0000e+00       0.0       0.0      0252
 -115.4879   32.9796  9.1663e+00 -1.6224e+01  9.6683e+00  5.0000e-02  5.0000e-02  5.0000e-02  0.0000e+00  0.0000e+00  0.0000e+00       0.0       0.0      0253
 -115.2999   32.6900  7.0724e+00 -1.2686e+01  6.4383e+00  5.0000e-02  5.0000e-02  5.0000e-02  0.0000e+00  0.0000e+00  0.0000e+00       0.0       0.0      0254
 -115.3979   32.8758  8.4438e+00 -1.4691e+01  8.2354e+00  5.0000e-02  5.0000e-02  5.0000e-02  0.0000e+00  0.0000e+00  0.0000e+00       0.0       0.0      0255
 -115.4219   32.9825  9.4456e+00 -1.5692e+01  9.3743e+00  5.0000e-02  5.0000e-02  5.0000e-02  0.0000e+00  0.0000e+00  0.0000e+00       0.0       0.0      0256
 -115.7658   33.5164  1.5807e+01 -2.5075e+01  2.3126e+01  5.0000e-02  5.0000e-02  5.0000e-02  0.0000e+00  0.0000e+00  0.0000e+00       0.0       0.0      0257
 -115.5102   33.0814  1.0204e+01 -1.7384e+01  1.1106e+01  5.0000e-02  5.0000e-02  5.0000e-02  0.0000e+00  0.0000e+00  0.0000e+00       0.0       0.0      0258
 -115.6124   33.2000  1.1302e+01 -1.9611e+01  1.3676e+01  5.0000e-02  5.0000e-02  5.0000e-02  0.0000e+00  0.0000e+00  0.0000e+00       0.0       0.0      0259
 -115.4287   33.2478  1.2877e+01 -1.7763e+01  1.2936e+01  5.0000e-02  5.0000e-02  5.0000e-02  0.0000e+00  0.0000e+00  0.0000e+00       0.0       0.0      0260
 -115.2939   32.8907  8.8077e+00 -1.3856e+01  7.8993e+00  5.0000e-02  5.0000e-02  5.0000e-02  0.0000e+00  0.0000e+00  0.0000e+00       0.0       0.0      0261
 -115.3433   33.1436  1.1597e+01 -1.6057e+01  1.0851e+01  5.0000e-02  5.0000e-02  5.0000e-02  0.0000e+00  0.0000e+00  0.0000e+00       0.0       0.0      0262
 -115.2961   33.8869  2.5107e+01 -1.5078e+01  2.2589e+01  5.0000e-02  5.0000e-02  5.0000e-02  0.0000e+00  0.0000e+00  0.0000e+00       0.0       0.0      0263
 -120.8697   35.6360 -4.8480e+00  1.6150e+00  1.2710e+00  5.0000e-02  5.0000e-02  5.0000e-02  0.0000e+00  0.0000e+00  0.0000e+00       0.0       0.0      0264
 -120.4804   35.6248 -5.6913e+00  2.0651e+00  1.5342e+00  5.0000e-02  5.0000e-02  5.0000e-02  0.0000e+00  0.0000e+00  0.0000e+00       0.0       0.0      0265
 -120.2670   35.6338 -6.2698e+00  2.2704e+00  1.7735e+00  5.0000e-02  5.0000e-02  5.0000e-02  0.0000e+00  0.0000e+00  0.0000e+00       0.0       0.0      0266
 -120.1820   35.7027 -6.1860e+00  2.5515e+00  1.8905e+00  5.0000e-02  5.0000e-02  5.0000e-02  0.0000e+00  0.0000e+00  0.0000e+00       0.0       0.0      0267
 -120.0007   35.6867 -6.7489e+00  2.8577e+00  2.2834e+00  5.0000e-02  5.0000e-02  5.0000e-02  0.0000e+00  0.0000e+00  0.0000e+00       0.0       0.0      0268
 -119.7380   35.7313 -7.2767e+00  3.4109e+00  2.4957e+00  5.0000e-02  5.0000e-02  5.0000e-02  0.0000e+00  0.0000e+00  0.0000e+00       0.0       0.0      0269
 -119.9094   35.9347 -6.4309e+00  3.3265e+00  2.0413e+00  5.0000e-02  5.0000e-02  5.0000e-02  0.0000e+00  0.0000e+00  0.0000e+00       0.0       0.0      0270
 -118.8790   34.8351 -1.4876e+01  2.3048e+00  6.8379e+00  5.0000e-02  5.0000e-02  5.0000e-02  0.0000e+00  0.0000e+00  0.0000e+00       0.0       0.0      0271
 -118.5455   34.7711 -1.8506e+01  2.4054e+00  9.7377e+00  5.0000e-02  5.0000e-02  5.0000e-02  0.0000e+00  0.0000e+00  0.0000e+00       0.0       0.0      0272
 -118.6556   34.9444 -1.6696e+01  3.7881e+00  8.4064e+00  5.0000e-02  5.0000e-02  5.0000e-02  0.0000e+00  0.0000e+00  0.0000e+00       0.0       0.0      0273
 -118.6176   34.8389 -1.7413e+01  2.9728e+00  8.8876e+00  5.0000e-02  5.0000e-02  5.0000e-02  0.0000e+00  0.0000e+00  0.0000e+00       0.0       0.0      0274
 -118.5409   34.8218 -1.8446e+01  2.9753e+00  9.8241e+00  5.0000e-02  5.0000e-02  5.0000e-02  0.0000e+00  0.0000e+00  0.0000e+00       0.0       0.0      0275
 -118.3991   34.6185 -2.0756e+01  5.5084e-01  1.1743e+01  5.0000e-02  5.0000e-02  5.0000e-02  0.0000e+00  0.0000e+00  0.0000e+00       0.0       0.0      0276
 -118.1887   34.9821 -2.1830e+01  6.9280e+00  1.4115e+01  5.0000e-02  5.0000e-02  5.0000e-02  0.0000e+00  0.0000e+00  0.0000e+00       0.0       0.0      0277
 -119.4212   35.4187 -9.5301e+00  3.4915e+00  3.3854e+00  5.0000e-02  5.0000e-02  5.0000e-02  0.0000e+00  0.0000e+00  0.0000e+00       0.0       0.0      0278
 -119.2366   35.7439 -8.9352e+00  4.9115e+00  3.6018e+00  5.0000e-02  5.0000e-02  5.0000e-02  0.0000e+00  0.0000e+00  0.0000e+00       0.0       0.0      0279
 -119.2293   36.3245 -6.5656e+00  5.3468e+00  2.6579e+00  5.0000e-02  5.0000e-02  5.0000e-02  0.0000e+00  0.0000e+00  0.0000e+00       0.0       0.0      0280
 -118.7536   35.4209 -1.2873e+01  6.3260e+00  6.3878e+00  5.0000e-02  5.0000e-02  5.0000e-02  0.0000e+00  0.0000e+00  0.0000e+00       0.0       0.0      0281
 -118.7667   36.2314 -7.7433e+00  7.2059e+00  3.6919e+00  5.0000e-02  5.0000e-02  5.0000e-02  0.0000e+00  0.0000e+00  0.0000e+00       0.0       0.0      0282
 -120.9700   35.6697 -4.7385e+00  1.4964e+00  1.1689e+00  5.0000e-02  5.0000e-02  5.0000e-02  0.0000e+00  0.0000e+00  0.0000e+00       0.0       0.0      0283
 -117.3189   34.3046 -3.8043e+01 -1.1328e+01  4.8238e+01  5.0000e-02  5.0000e-02  5.0000e-02  0.0000e+00  0.0000e+00  0.0000e+00       0.0       0.0      0284
 -117.7290   34.5097 -3.3631e+01 -1.4150e+00  2.8342e+01  5.0000e-02  5.0000e-02  5.0000e-02  0.0000e+00  0.0000e+00  0.0000e+00       0.0       0.0      0285
 -117.5434   34.9870 -2.9400e+01  1.5939e+01  3.0411e+01  5.0000e-02  5.0000e-02  5.0000e-02  0.0000e+00  0.0000e+00  0.0000e+00       0.0       0.0      0286
 -116.9516   33.8926 -2.0912e+01 -3.2400e+01  4.7976e+01  5.0000e-02  5.0000e-02  5.0000e-02  0.0000e+00  0.0000e+00  0.0000e+00       0.0       0.0      0287
 -117.2805   34.5348 -3.9304e+01  1.3097e+00  5.3378e+01  5.0000e-02  5.0000e-02  5.0000e-02  0.0000e+00  0.0000e+00  0.0000e+00       0.0       0.0      0288
 -117.2676   34.7854 -3.5375e+01  1.5070e+01  4.9401e+01  5.0000e-02  5.0000e-02  5.0000e-02  0.0000e+00  0.0000e+00  0.0000e+00       0.0       0.0      0289
 -117.1102   34.6207 -3.7128e+01  8.2560e+00  6.4896e+01  5.0000e-02  5.0000e-02  5.0000e-02  0.0000e+00  0.0000e+00  0.0000e+00       0.0       0.0      0290
 -118.0165   35.1524 -2.1710e+01  1.0770e+01  1.5464e+01  5.0000e-02  5.0000e-02  5.0000e-02  0.0000e+00  0.0000e+00  0.0000e+00       0.0       0.0      0291
 -117.3901   35.8967 -9.9624e+00  1.8693e+01  1.2141e+01  5.0000e-02  5.0000e-02  5.0000e-02  0.0000e+00  0.0000e+00  0.0000e+00       0.0       0.0      0292
 -117.4028   35.6976 -1.3001e+01  2.0666e+01  1.5659e+01  5.0000e-02  5.0000e-02  5.0000e-02  0.0000e+00  0.0000e+00  0.0000e+00       0.0       0.0      0293
 -116.2119   33.8658  1.3502e+01 -3.5808e+01  5.1071e+01  5.0000e-02  5.0000e-02  5.0000e-02  0.0000e+00  0.0000e+00  0.0000e+00       0.0       0.0      0294
 -116.8796   34.4621 -2.9863e+01 -3.9608e+00  8.3787e+01  5.0000e-02  5.0000e-02  5.0000e-02  0.0000e+00  0.0000e+00  0.0000e+00       0.0       0.0      0295
 -117.3155   34.1874 -3.6063e+01 -1.6449e+01  4.5028e+01  5.0000e-02  5.0000e-02  5.0000e-02  0.0000e+00  0.0000e+00  0.0000e+00       0.0       0.0      0296
 -116.1039   35.1419  1.6935e+01  3.3997e+01  4.7643e+01  5.0000e-02  5.0000e-02  5.0000e-02  0.0000e+00  0.0000e+00  0.0000e+00       0.0       0.0      0297
 -115.5439   35.4728  1.7093e+01  2.1668e+01  1.9934e+01  5.0000e-02  5.0000e-02  5.0000e-02  0.0000e+00  0.0000e+00  0.0000e+00       0.0       0.0      0298
 -115.3659   35.1630  2.4195e+01  1.7508e+01  2.3493e+01  5.0000e-02  5.0000e-02  5.0000e-02  0.0000e+00  0.0000e+00  0.0000e+00       0.0       0.0      0299
 -114.5994   34.1889  2.0435e+01 -3.7301e+00  1.1714e+01  5.0000e-02  5.0000e-02  5.0000e-02  0.0000e+00  0.0000e+00  0.0000e+00       0.0       0.0      0300
 -115.2383   35.2911  2.0819e+01  1.6257e+01  1.8202e+01  5.0000e-02  5.0000e-02  5.0000e-02  0.0000e+00  0.0000e+00  0.0000e+00       0.0       0.0      0301
 -117.9226   34.5082 -2.9622e+01 -1.8328e+00  2.1374e+01  5.0000e-02  5.0000e-02  5.0000e-02  0.0000e+00  0.0000e+00  0.0000e+00       0.0       0.0      0302
 -116.6864   36.9018 -6.9772e-01  1.1486e+01  4.3276e+00  5.0000e-02  5.0000e-02  5.0000e-02  0.0000e+00  0.0000e+00  0.0000e+00       0.0       0.0      0303
 -117.6945   34.9254 -2.9325e+01  1.1869e+01  2.6352e+01  5.0000e-02  5.0000e-02  5.0000e-02  0.0000e+00  0.0000e+00  0.0000e+00       0.0       0.0      0304
 -116.4582   33.6122  1.1586e+00 -3.5506e+01  3.5974e+01  5.0000e-02  5.0000e-02  5.0000e-02  0.0000e+00  0.0000e+00  0.0000e+00       0.0       0.0      0305
 -116.4576   33.6121  1.2125e+00 -3.5424e+01  3.6006e+01  5.0000e-02  5.0000e-02  5.0000e-02  0.0000e+00  0.0000e+00  0.0000e+00       0.0       0.0      0306
 -120.5416   35.9452 -5.1211e+00  2.2754e+00  1.4678e+00  5.0000e-02  5.0000e-02  5.0000e-02  0.0000e+00  0.0000e+00  0.0000e+00       0.0       0.0      0307
 -118.2329   34.0716 -1.7781e+01 -7.8914e+00  8.1160e+00  5.0000e-02  5.0000e-02  5.0000e-02  0.0000e+00  0.0000e+00  0.0000e+00       0.0       0.0      0308
 -117.2430   32.6654 -5.3070e+00 -1.5063e+01  7.5124e+00  5.0000e-02  5.0000e-02  5.0000e-02  0.0000e+00  0.0000e+00  0.0000e+00       0.0       0.0      0309
 -118.1537   33.9026 -1.7524e+01 -6.5528e+00  6.5764e+00  5.0000e-02  5.0000e-02  5.0000e-02  0.0000e+00  0.0000e+00  0.0000e+00       0.0       0.0      0310
 -116.8595   33.3572 -7.8371e+00 -2.8031e+01  2.2294e+01  5.0000e-02  5.0000e-02  5.0000e-02  0.0000e+00  0.0000e+00  0.0000e+00       0.0       0.0      0311
 -119.0569   37.8314 -2.5098e+00  4.0760e+00  1.1620e+00  5.0000e-02  5.0000e-02  5.0000e-02  0.0000e+00  0.0000e+00  0.0000e+00       0.0       0.0      0312
 -116.1198   36.5796  1.9216e+00  1.3968e+01  6.0501e+00  5.0000e-02  5.0000e-02  5.0000e-02  0.0000e+00  0.0000e+00  0.0000e+00       0.0       0.0      0313
 -120.4784   35.9199 -5.1761e+00  2.3463e+00  1.5368e+00  5.0000e-02  5.0000e-02  5.0000e-02  0.0000e+00  0.0000e+00  0.0000e+00       0.0       0.0      0314
 -117.1821   33.8357 -2.4555e+01 -2.7003e+01  3.6562e+01  5.0000e-02  5.0000e-02  5.0000e-02  0.0000e+00  0.0000e+00  0.0000e+00       0.0       0.0      0315
 -116.4940   33.8192 -6.0808e-03 -3.8307e+01  5.0656e+01  5.0000e-02  5.0000e-02  5.0000e-02  0.0000e+00  0.0000e+00  0.0000e+00       0.0       0.0      0316
 -117.8071   34.0918 -3.1690e+01 -1.2465e+01  1.6954e+01  5.0000e-02  5.0000e-02  5.0000e-02  0.0000e+00  0.0000e+00  0.0000e+00       0.0       0.0      0317
 -118.4043   33.7433 -1.4676e+01 -6.2296e+00  7.7511e+00  5.0000e-02  5.0000e-02  5.0000e-02  0.0000e+00  0.0000e+00  0.0000e+00       0.0       0.0      0318
 -118.3722   33.7795 -1.4981e+01 -6.3231e+00  7.9236e+00  5.0000e-02  5.0000e-02  5.0000e-02  0.0000e+00  0.0000e+00  0.0000e+00       0.0       0.0      0319
 -118.3206   33.7739 -1.5372e+01 -6.3796e+00  8.0868e+00  5.0000e-02  5.0000e-02  5.0000e-02  0.0000e+00  0.0000e+00  0.0000e+00       0.0       0.0      0320
 -118.2448   34.6287 -2.3207e+01  7.8812e-01  1.4169e+01  5.0000e-02  5.0000e-02  5.0000e-02  0.0000e+00  0.0000e+00  0.0000e+00       0.0       0.0      0321
 -116.9172   33.0422 -5.5278e+00 -2.1858e+01  1.3611e+01  5.0000e-02  5.0000e-02  5.0000e-02  0.0000e+00  0.0000e+00  0.0000e+00       0.0       0.0      0322
 -117.6833   35.3387 -2.0453e+01  1.7196e+01  1.8934e+01  5.0000e-02  5.0000e-02  5.0000e-02  0.0000e+00  0.0000e+00  0.0000e+00       0.0       0.0      0323
 -119.7200   34.5000 -9.3918e+00 -4.2277e-03  3.1913e+00  5.0000e-02  5.0000e-02  5.0000e-02  0.0000e+00  0.0000e+00  0.0000e+00       0.0       0.0      0324
 -116.6247   34.6439 -1.1236e+01  1.4739e+01  9.4473e+01  5.0000e-02  5.0000e-02  5.0000e-02  0.0000e+00  0.0000e+00  0.0000e+00       0.0       0.0      0325
 -118.8979   37.6771 -2.7051e+00  4.5454e+00  1.3613e+00  5.0000e-02  5.0000e-02  5.0000e-02  0.0000e+00  0.0000e+00  0.0000e+00       0.0       0.0      0326
 -116.5543   36.7154 -3.7104e-01  1.3015e+01  5.3379e+00  5.0000e-02  5.0000e-02  5.0000e-02  0.0000e+00  0.0000e+00  0.0000e+00       0.0       0.0      0327
 -116.4683   36.8404 -1.0842e-01  1.2008e+01  4.6134e+00  5.0000e-02  5.0000e-02  5.0000e-02  0.0000e+00  0.0000e+00  0.0000e+00       0.0       0.0      0328
 -118.0262   34.0190 -2.3068e+01 -9.7692e+00  6.0553e+00  5.0000e-02  5.0000e-02  5.0000e-02  0.0000e+00  0.0000e+00  0.0000e+00       0.0       0.0      0329
 -120.5248   35.9000 -5.1613e+00  2.2068e+00  1.4226e+00  5.0000e-02  5.0000e-02  5.0000e-02  0.0000e+00  0.0000e+00  0.0000e+00       0.0       0.0      0330
 -116.6098   33.6110 -3.8913e+00 -3.5258e+01  3.5668e+01  5.0000e-02  5.0000e-02  5.0000e-02  0.0000e+00  0.0000e+00  0.0000e+00       0.0       0.0      0331
 -118.6764   34.2357 -1.5966e+01 -3.0912e+00  7.9033e+00  5.0000e-02  5.0000e-02  5.0000e-02  0.0000e+00  0.0000e+00  0.0000e+00       0.0       0.0      0332
 -117.0855   36.2179 -5.0939e+00  1.7380e+01  9.1389e+00  5.0000e-02  5.0000e-02  5.0000e-02  0.0000e+00  0.0000e+00  0.0000e+00       0.0       0.0      0333
 -118.1929   34.8751 -2.2648e+01  5.2665e+00  1.4546e+01  5.0000e-02  5.0000e-02  5.0000e-02  0.0000e+00  0.0000e+00  0.0000e+00       0.0       0.0      0334
 -119.1844   34.5415 -1.2600e+01  9.2361e-02  5.1868e+00  5.0000e-02  5.0000e-02  5.0000e-02  0.0000e+00  0.0000e+00  0.0000e+00       0.0       0.0      0335
 -117.3533   34.0891 -3.3779e+01 -1.8910e+01  3.9670e+01  5.0000e-02  5.0000e-02  5.0000e-02  0.0000e+00  0.0000e+00  0.0000e+00       0.0       0.0      0336
 -116.6501   36.3163 -1.2675e+00  1.7501e+01  8.8208e+00  5.0000e-02  5.0000e-02  5.0000e-02  0.0000e+00  0.0000e+00  0.0000e+00       0.0       0.0      0337
 -121.5583   37.6665 -2.2190e+00  1.7397e+00  5.1571e-01  5.0000e-02  5.0000e-02  5.0000e-02  0.0000e+00  0.0000e+00  0.0000e+00       0.0       0.0      0338
 -117.8956   33.7432 -2.2136e+01 -9.8196e+00  1.2291e+01  5.0000e-02  5.0000e-02  5.0000e-02  0.0000e+00  0.0000e+00  0.0000e+00       0.0       0.0      0339
 -121.4472   36.7653 -3.0013e+00  1.7134e+00  6.1329e-01  5.0000e-02  5.0000e-02  5.0000e-02  0.0000e+00  0.0000e+00  0.0000e+00       0.0       0.0      0340
 -118.9532   37.6899 -2.7844e+00  4.4401e+00  1.2623e+00  5.0000e-02  5.0000e-02  5.0000e-02  0.0000e+00  0.0000e+00  0.0000e+00       0.0       0.0      0341
 -117.6615   33.5530 -1.9401e+01 -1.6051e+01  1.5959e+01  5.0000e-02  5.0000e-02  5.0000e-02  0.0000e+00  0.0000e+00  0.0000e+00       0.0       0.0      0342
 -117.3883   34.6074 -3.8255e+01  4.6998e+00  4.5587e+01  5.0000e-02  5.0000e-02  5.0000e-02  0.0000e+00  0.0000e+00  0.0000e+00       0.0       0.0      0343
 -118.4879   32.9144 -8.8235e+00 -8.1126e+00  4.7969e+00  5.0000e-02  5.0000e-02  5.0000e-02  0.0000e+00  0.0000e+00  0.0000e+00       0.0       0.0      0344
 -117.6346   33.4441 -1.6906e+01 -1.6679e+01  1.4769e+01  5.0000e-02  5.0000e-02  5.0000e-02  0.0000e+00  0.0000e+00  0.0000e+00       0.0       0.0      0345
 -116.2789   34.2550  1.7121e+01 -2.3040e+01  8.4776e+01  5.0000e-02  5.0000e-02  5.0000e-02  0.0000e+00  0.0000e+00  0.0000e+00       0.0       0.0      0346
 -118.7545   34.4598 -1.6157e+01 -1.0263e+00  7.7819e+00  5.0000e-02  5.0000e-02  5.0000e-02  0.0000e+00  0.0000e+00  0.0000e+00       0.0       0.0      0347
 -117.8617   34.2056 -3.0751e+01 -1.0993e+01  1.8176e+01  5.0000e-02  5.0000e-02  5.0000e-02  0.0000e+00  0.0000e+00  0.0000e+00       0.0       0.0      0348
 -118.1090   34.0886 -2.0922e+01 -9.9366e+00  7.6370e+00  5.0000e-02  5.0000e-02  5.0000e-02  0.0000e+00  0.0000e+00  0.0000e+00       0.0       0.0      0349
 -116.6957   33.9125 -1.0692e+01 -3.6997e+01  5.6725e+01  5.0000e-02  5.0000e-02  5.0000e-02  0.0000e+00  0.0000e+00  0.0000e+00       0.0       0.0      0350
 -116.2990   35.9713  2.3063e+00  2.2932e+01  1.4145e+01  5.0000e-02  5.0000e-02  5.0000e-02  0.0000e+00  0.0000e+00  0.0000e+00       0.0       0.0      0351
 -116.0156   34.6243  3.2850e+01  1.0395e+01  7.4359e+01  5.0000e-02  5.0000e-02  5.0000e-02  0.0000e+00  0.0000e+00  0.0000e+00       0.0       0.0      0352
 -118.2639   34.1029 -1.8062e+01 -7.6318e+00  8.7972e+00  5.0000e-02  5.0000e-02  5.0000e-02  0.0000e+00  0.0000e+00  0.0000e+00       0.0       0.0      0353
 -117.2504   32.8647 -6.8681e+00 -1.7027e+01  9.5535e+00  5.0000e-02  5.0000e-02  5.0000e-02  0.0000e+00  0.0000e+00  0.0000e+00       0.0       0.0      0354
 -117.2497   32.8407 -6.6749e+00 -1.6782e+01  9.1284e+00  5.0000e-02  5.0000e-02  5.0000e-02  0.0000e+00  0.0000e+00  0.0000e+00       0.0       0.0      0355
 -116.2106   36.7305  1.2156e+00  1.2833e+01  5.1234e+00  5.0000e-02  5.0000e-02  5.0000e-02  0.0000e+00  0.0000e+00  0.0000e+00       0.0       0.0      0356
 -115.9778   33.2922  9.2014e+00 -2.5256e+01  1.8862e+01  5.0000e-02  5.0000e-02  5.0000e-02  0.0000e+00  0.0000e+00  0.0000e+00       0.0       0.0      0357
 -115.5875   36.3196  5.7909e+00  1.4457e+01  7.2122e+00  5.0000e-02  5.0000e-02  5.0000e-02  0.0000e+00  0.0000e+00  0.0000e+00       0.0       0.0      0358
 -117.9286   33.9273 -2.5784e+01 -8.8080e+00  8.5699e+00  5.0000e-02  5.0000e-02  5.0000e-02  0.0000e+00  0.0000e+00  0.0000e+00       0.0       0.0      0359
 -119.5244   33.2479 -7.7216e+00 -3.7412e+00  2.6813e+00  5.0000e-02  5.0000e-02  5.0000e-02  0.0000e+00  0.0000e+00  0.0000e+00       0.0       0.0      0360
 -121.9255   37.1664 -2.3860e+00  1.5058e+00  5.5778e-01  5.0000e-02  5.0000e-02  5.0000e-02  0.0000e+00  0.0000e+00  0.0000e+00       0.0       0.0      0361
 -119.0643   34.3199 -1.3248e+01 -1.3307e+00  5.6861e+00  5.0000e-02  5.0000e-02  5.0000e-02  0.0000e+00  0.0000e+00  0.0000e+00       0.0       0.0      0362
 -118.6462   34.0593 -1.5054e+01 -4.3934e+00  7.5711e+00  5.0000e-02  5.0000e-02  5.0000e-02  0.0000e+00  0.0000e+00  0.0000e+00       0.0       0.0      0363
 -117.8488   33.9927 -2.9601e+01 -1.1320e+01  1.2355e+01  5.0000e-02  5.0000e-02  5.0000e-02  0.0000e+00  0.0000e+00  0.0000e+00       0.0       0.0      0364
 -120.0652   34.0043 -7.4629e+00 -1.1631e+00  2.3214e+00  5.0000e-02  5.0000e-02  5.0000e-02  0.0000e+00  0.0000e+00  0.0000e+00       0.0       0.0      0365
 -116.3378   36.6446  7.2185e-01  1.3673e+01  5.7975e+00  5.0000e-02  5.0000e-02  5.0000e-02  0.0000e+00  0.0000e+00  0.0000e+00       0.0       0.0      0366
 -117.6783   34.3818 -3.4840e+01 -6.0356e+00  2.9625e+01  5.0000e-02  5.0000e-02  5.0000e-02  0.0000e+00  0.0000e+00  0.0000e+00       0.0       0.0      0367
 -116.5743   36.9316 -3.4195e-01  1.1236e+01  4.1939e+00  5.0000e-02  5.0000e-02  5.0000e-02  0.0000e+00  0.0000e+00  0.0000e+00       0.0       0.0      0368
 -120.3603   35.9174 -5.4625e+00  2.5607e+00  1.5388e+00  5.0000e-02  5.0000e-02  5.0000e-02  0.0000e+00  0.0000e+00  0.0000e+00       0.0       0.0      0369
 -121.9355   37.3515 -2.2833e+00  1.5141e+00  4.6230e-01  5.0000e-02  5.0000e-02  5.0000e-02  0.0000e+00  0.0000e+00  0.0000e+00       0.0       0.0      0370
 -118.4146   35.1582 -1.7627e+01  6.9913e+00  1.0011e+01  5.0000e-02  5.0000e-02  5.0000e-02  0.0000e+00  0.0000e+00  0.0000e+00       0.0       0.0      0371
 -118.8629   37.6189 -2.8437e+00  4.6926e+00  1.2974e+00  5.0000e-02  5.0000e-02  5.0000e-02  0.0000e+00  0.0000e+00  0.0000e+00       0.0       0.0      0372
 -116.2297   36.9348  8.9025e-01  1.1125e+01  4.1279e+00  5.0000e-02  5.0000e-02  5.0000e-02  0.0000e+00  0.0000e+00  0.0000e+00       0.0       0.0      0373
 -120.1326   34.4835 -7.6159e+00 -1.6815e-02  2.3074e+00  5.0000e-02  5.0000e-02  5.0000e-02  0.0000e+00  0.0000e+00  0.0000e+00       0.0       0.0      0374
 -116.1605   33.6412  1.0941e+01 -3.3366e+01  3.5120e+01  5.0000e-02  5.0000e-02  5.0000e-02  0.0000e+00  0.0000e+00  0.0000e+00       0.0       0.0      0375
 -118.3306   33.7978 -1.5230e+01 -6.1916e+00  7.9718e+00  5.0000e-02  5.0000e-02  5.0000e-02  0.0000e+00  0.0000e+00  0.0000e+00       0.0       0.0      0376
 -118.8367   34.2480 -1.4743e+01 -2.3516e+00  6.8920e+00  5.0000e-02  5.0000e-02  5.0000e-02  0.0000e+00  0.0000e+00  0.0000e+00       0.0       0.0      0377
 -117.8034   33.6179 -2.0335e+01 -1.3009e+01  1.4092e+01  5.0000e-02  5.0000e-02  5.0000e-02  0.0000e+00  0.0000e+00  0.0000e+00       0.0       0.0      0378
 -116.5305   34.8386 -2.7366e+00  3.0452e+01  8.1957e+01  5.0000e-02  5.0000e-02  5.0000e-02  0.0000e+00  0.0000e+00  0.0000e+00       0.0       0.0      0379
 -117.7255   33.9725 -3.0837e+01 -1.3256e+01  1.8747e+01  5.0000e-02  5.0000e-02  5.0000e-02  0.0000e+00  0.0000e+00  0.0000e+00       0.0       0.0      0380
 -118.4419   34.0691 -1.6161e+01 -5.6866e+00  8.5301e+00  5.0000e-02  5.0000e-02  5.0000e-02  0.0000e+00  0.0000e+00  0.0000e+00       0.0       0.0      0381
 -119.8438   34.4133 -8.7363e+00 -3.7022e-01  2.8392e+00  5.0000e-02  5.0000e-02  5.0000e-02  0.0000e+00  0.0000e+00  0.0000e+00       0.0       0.0      0382
 -118.2851   34.0239 -1.6567e+01 -7.0442e+00  7.9008e+00  5.0000e-02  5.0000e-02  5.0000e-02  0.0000e+00  0.0000e+00  0.0000e+00       0.0       0.0      0383
 -116.0853   33.0301  5.0681e+00 -2.1765e+01  1.3476e+01  5.0000e-02  5.0000e-02  5.0000e-02  0.0000e+00  0.0000e+00  0.0000e+00       0.0       0.0      0384
 -120.6611   35.3118 -5.6483e+00  1.5735e+00  1.5766e+00  5.0000e-02  5.0000e-02  5.0000e-02  0.0000e+00  0.0000e+00  0.0000e+00       0.0       0.0      0385
 -120.5635   34.8266 -6.3291e+00  7.2172e-01  1.6457e+00  5.0000e-02  5.0000e-02  5.0000e-02  0.0000e+00  0.0000e+00  0.0000e+00       0.0       0.0      0386
 -119.4839   34.8515 -1.0529e+01  1.3781e+00  3.7759e+00  5.0000e-02  5.0000e-02  5.0000e-02  0.0000e+00  0.0000e+00  0.0000e+00       0.0       0.0      0387
 -118.2200   34.1786 -2.0107e+01 -7.9134e+00  1.0237e+01  5.0000e-02  5.0000e-02  5.0000e-02  0.0000e+00  0.0000e+00  0.0000e+00       0.0       0.0      0388
 -118.5144   34.1264 -1.6327e+01 -4.7880e+00  8.5693e+00  5.0000e-02  5.0000e-02  5.0000e-02  0.0000e+00  0.0000e+00  0.0000e+00       0.0       0.0      0389
 -119.2377   34.2758 -1.1980e+01 -1.2678e+00  4.9136e+00  5.0000e-02  5.0000e-02  5.0000e-02  0.0000e+00  0.0000e+00  0.0000e+00       0.0       0.0      0390
 -118.4845   34.2932 -1.8084e+01 -3.7139e+00  9.7537e+00  5.0000e-02  5.0000e-02  5.0000e-02  0.0000e+00  0.0000e+00  0.0000e+00       0.0       0.0      0391
 -120.6164   34.5563 -6.0790e+00  1.0119e-01  1.6417e+00  5.0000e-02  5.0000e-02  5.0000e-02  0.0000e+00  0.0000e+00  0.0000e+00       0.0       0.0      0392
 -118.1212   34.5015 -2.5317e+01 -2.0376e+00  1.6277e+01  5.0000e-02  5.0000e-02  5.0000e-02  0.0000e+00  0.0000e+00  0.0000e+00       0.0       0.0      0393
 -118.2938   33.7126 -1.5376e+01 -6.7742e+00  8.2653e+00  5.0000e-02  5.0000e-02  5.0000e-02  0.0000e+00  0.0000e+00  0.0000e+00       0.0       0.0      0394
 -117.9920   34.0309 -2.4796e+01 -1.0440e+01  6.9352e+00  5.0000e-02  5.0000e-02  5.0000e-02  0.0000e+00  0.0000e+00  0.0000e+00       0.0       0.0      0395
 -118.6539   37.6643 -2.6694e+00  4.9932e+00  1.4073e+00  5.0000e-02  5.0000e-02  5.0000e-02  0.0000e+00  0.0000e+00  0.0000e+00       0.0       0.0      0396
 -117.9111   34.0619 -2.8572e+01 -1.1822e+01  1.0732e+01  5.0000e-02  5.0000e-02  5.0000e-02  0.0000e+00  0.0000e+00  0.0000e+00       0.0       0.0      0397
 -118.9837   35.0108 -1.3428e+01  3.1372e+00  5.9355e+00  5.0000e-02  5.0000e-02  5.0000e-02  0.0000e+00  0.0000e+00  0.0000e+00       0.0       0.0      0398
 -118.0312   33.9799 -2.2294e+01 -8.7368e+00  5.6634e+00  5.0000e-02  5.0000e-02  5.0000e-02  0.0000e+00  0.0000e+00  0.0000e+00       0.0       0.0      0399
 -117.6435   33.6745 -2.2487e+01 -1.6140e+01  1.8173e+01  5.0000e-02  5.0000e-02  5.0000e-02  0.0000e+00  0.0000e+00  0.0000e+00       0.0       0.0      0400
 -116.3918   33.9348  5.8155e+00 -3.7729e+01  6.0117e+01  5.0000e-02  5.0000e-02  5.0000e-02  0.0000e+00  0.0000e+00  0.0000e+00       0.0       0.0      0401
 -118.7415   34.5685 -1.6361e+01  5.0729e-02  7.9661e+00  5.0000e-02  5.0000e-02  5.0000e-02  0.0000e+00  0.0000e+00  0.0000e+00       0.0       0.0      0402
 -118.0559   34.2261 -2.4894e+01 -9.4520e+00  1.3071e+01  5.0000e-02  5.0000e-02  5.0000e-02  0.0000e+00  0.0000e+00  0.0000e+00       0.0       0.0      0403
 -118.4143   34.2594 -1.8614e+01 -4.7150e+00  1.0055e+01  5.0000e-02  5.0000e-02  5.0000e-02  0.0000e+00  0.0000e+00  0.0000e+00       0.0       0.0      0404
 -118.0593   34.0432 -2.2007e+01 -9.9751e+00  6.3941e+00  5.0000e-02  5.0000e-02  5.0000e-02  0.0000e+00  0.0000e+00  0.0000e+00       0.0       0.0      0405
 -116.9317   34.6690 -3.0885e+01  1.3956e+01  7.6736e+01  5.0000e-02  5.0000e-02  5.0000e-02  0.0000e+00  0.0000e+00  0.0000e+00       0.0       0.0      0406
 -118.4276   33.9582 -1.5438e+01 -5.8146e+00  8.0128e+00  5.0000e-02  5.0000e-02  5.0000e-02  0.0000e+00  0.0000e+00  0.0000e+00       0.0       0.0      0407
 -116.6539   33.9553 -9.0823e+00 -3.7097e+01  6.1154e+01  5.0000e-02  5.0000e-02  5.0000e-02  0.0000e+00  0.0000e+00  0.0000e+00       0.0       0.0      0408
