       lon       lat          ve          vn          vu          se          sn          su         ren         reu         rnu     start    finish      name
 -117.0932   34.1164 -1.1674e+00  3.0853e+00  0.0000e+00  0.0000e+00  0.0000e+00  0.0000e+00  0.0000e+00  0.0000e+00  0.0000e+00       0.0       0.0      0001
 -116.4294   34.5943  1.3684e+00  8.4041e-01  0.0000e+00  0.0000e+00  0.0000e+00  0.0000e+00  0.0000e+00  0.0000e+00  0.0000e+00       0.0       0.0      0002
 -115.1585   37.3580 -1.2948e+00  1.8377e+00  0.0000e+00  0.0000e+00  0.0000e+00  0.0000e+00  0.0000e+00  0.0000e+00  0.0000e+00       0.0       0.0      0003
 -118.6948   34.8245  1.1462e+00 -9.3789e-01  0.0000e+00  0.0000e+00  0.0000e+00  0.0000e+00  0.0000e+00  0.0000e+00  0.0000e+00       0.0       0.0      0004
 -119.3635   34.0150 -9.9841e-01 -5.8826e-01  0.0000e+00  0.0000e+00  0.0000e+00  0.0000e+00  0.0000e+00  0.0000e+00  0.0000e+00       0.0       0.0      0005
 -118.8303   34.1574 -1.2756e+00  2.7463e-01  0.0000e+00  0.0000e+00  0.0000e+00  0.0000e+00  0.0000e+00  0.0000e+00  0.0000e+00       0.0       0.0      0006
 -114.9318   36.3191 -2.8288e-01  2.0155e+00  0.0000e+00  0.0000e+00  0.0000e+00  0.0000e+00  0.0000e+00  0.0000e+00  0.0000e+00       0.0       0.0      0007
 -117.5219   36.0500 -4.8516e-02 -1.7192e-02  0.0000e+00  0.0000e+00  0.0000e+00  0.0000e+00  0.0000e+00  0.0000e+00  0.0000e+00       0.0       0.0      0008
 -118.9104   35.2013  7.8286e-01 -1.1071e+00  0.0000e+00  0.0000e+00  0.0000e+00  0.0000e+00  0.0000e+00  0.0000e+00  0.0000e+00       0.0       0.0      0009
 -117.1540   34.4683  1.4866e+00  2.7162e-01  0.0000e+00  0.0000e+00  0.0000e+00  0.0000e+00  0.0000e+00  0.0000e+00  0.0000e+00       0.0       0.0      0010
 -116.6297   33.5401 -3.3989e-02  3.8348e+00  0.0000e+00  0.0000e+00  0.0000e+00  0.0000e+00  0.0000e+00  0.0000e+00  0.0000e+00       0.0       0.0      0011
 -117.8965   34.1260 -1.2052e+00  1.7857e+00  0.0000e+00  0.0000e+00  0.0000e+00  0.0000e+00  0.0000e+00  0.0000e+00  0.0000e+00       0.0       0.0      0012
 -118.9014   37.7834 -1.7220e+00 -1.1000e+00  0.0000e+00  0.0000e+00  0.0000e+00  0.0000e+00  0.0000e+00  0.0000e+00  0.0000e+00       0.0       0.0      0013
 -119.0297   33.4804  3.8045e-02 -4.8065e-02  0.0000e+00  0.0000e+00  0.0000e+00  0.0000e+00  0.0000e+00  0.0000e+00  0.0000e+00       0.0       0.0      0014
 -119.9815   34.5822 -2.0924e+00 -1.5883e+00  0.0000e+00  0.0000e+00  0.0000e+00  0.0000e+00  0.0000e+00  0.0000e+00  0.0000e+00       0.0       0.0      0015
 -116.8842   34.2643  1.6855e+00  4.8342e-01  0.0000e+00  0.0000e+00  0.0000e+00  0.0000e+00  0.0000e+00  0.0000e+00  0.0000e+00       0.0       0.0      0016
 -119.4058   34.9205 -2.7552e+00 -6.5672e-01  0.0000e+00  0.0000e+00  0.0000e+00  0.0000e+00  0.0000e+00  0.0000e+00  0.0000e+00       0.0       0.0      0017
 -116.6211   37.0399 -1.0058e+00  6.8994e-01  0.0000e+00  0.0000e+00  0.0000e+00  0.0000e+00  0.0000e+00  0.0000e+00  0.0000e+00       0.0       0.0      0018
 -115.9982   34.0005  1.9485e+00  1.1788e+00  0.0000e+00  0.0000e+00  0.0000e+00  0.0000e+00  0.0000e+00  0.0000e+00  0.0000e+00       0.0       0.0      0019
 -118.0741   35.8784  1.1932e-01 -4.5068e-01  0.0000e+00  0.0000e+00  0.0000e+00  0.0000e+00  0.0000e+00  0.0000e+00  0.0000e+00       0.0       0.0      0020
 -118.1597   33.9671 -9.0093e-01  1.3598e+00  0.0000e+00  0.0000e+00  0.0000e+00  0.0000e+00  0.0000e+00  0.0000e+00  0.0000e+00       0.0       0.0      0021
 -117.0646   33.5782 -1.2251e-01  3.1315e+00  0.0000e+00  0.0000e+00  0.0000e+00  0.0000e+00  0.0000e+00  0.0000e+00  0.0000e+00       0.0       0.0      0022
 -116.0804   35.2870  6.9982e-01  1.1143e+00  0.0000e+00  0.0000e+00  0.0000e+00  0.0000e+00  0.0000e+00  0.0000e+00  0.0000e+00       0.0       0.0      0023
 -118.0947   33.9623 -8.9072e-01  1.4650e+00  0.0000e+00  0.0000e+00  0.0000e+00  0.0000e+00  0.0000e+00  0.0000e+00  0.0000e+00       0.0       0.0      0024
 -119.1095   35.1324  8.5206e-01 -1.2634e+00  0.0000e+00  0.0000e+00  0.0000e+00  0.0000e+00  0.0000e+00  0.0000e+00  0.0000e+00       0.0       0.0      0025
 -118.0287   33.7995 -5.7383e-01  1.5718e+00  0.0000e+00  0.0000e+00  0.0000e+00  0.0000e+00  0.0000e+00  0.0000e+00  0.0000e+00       0.0       0.0      0026
 -114.7148   33.6104  2.3475e+00  2.1856e+00  0.0000e+00  0.0000e+00  0.0000e+00  0.0000e+00  0.0000e+00  0.0000e+00  0.0000e+00       0.0       0.0      0027
 -116.0530   34.2514  1.7046e+00  1.1358e+00  0.0000e+00  0.0000e+00  0.0000e+00  0.0000e+00  0.0000e+00  0.0000e+00  0.0000e+00       0.0       0.0      0028
 -116.9847   33.9627 -8.6592e-01  3.2608e+00  0.0000e+00  0.0000e+00  0.0000e+00  0.0000e+00  0.0000e+00  0.0000e+00  0.0000e+00       0.0       0.0      0029
 -118.2770   34.1849 -1.3250e+00  1.1700e+00  0.0000e+00  0.0000e+00  0.0000e+00  0.0000e+00  0.0000e+00  0.0000e+00  0.0000e+00       0.0       0.0      0030
 -118.5768   34.6823 -2.2929e+00  6.8487e-01  0.0000e+00  0.0000e+00  0.0000e+00  0.0000e+00  0.0000e+00  0.0000e+00  0.0000e+00       0.0       0.0      0031
 -117.0120   34.9186  1.0502e+00  3.8309e-01  0.0000e+00  0.0000e+00  0.0000e+00  0.0000e+00  0.0000e+00  0.0000e+00  0.0000e+00       0.0       0.0      0032
 -118.1882   34.2928 -1.5333e+00  1.3137e+00  0.0000e+00  0.0000e+00  0.0000e+00  0.0000e+00  0.0000e+00  0.0000e+00  0.0000e+00       0.0       0.0      0033
 -116.8717   36.9176 -8.8874e-01  4.9323e-01  0.0000e+00  0.0000e+00  0.0000e+00  0.0000e+00  0.0000e+00  0.0000e+00  0.0000e+00       0.0       0.0      0034
 -116.4509   36.7453 -7.1868e-01  8.2354e-01  0.0000e+00  0.0000e+00  0.0000e+00  0.0000e+00  0.0000e+00  0.0000e+00  0.0000e+00       0.0       0.0      0035
 -119.3475   35.1573  8.3116e-01 -1.4501e+00  0.0000e+00  0.0000e+00  0.0000e+00  0.0000e+00  0.0000e+00  0.0000e+00  0.0000e+00       0.0       0.0      0036
 -115.9899   33.6551  2.2834e+00  1.1853e+00  0.0000e+00  0.0000e+00  0.0000e+00  0.0000e+00  0.0000e+00  0.0000e+00  0.0000e+00       0.0       0.0      0037
 -120.4337   35.9394  9.3402e-02 -2.3021e+00  0.0000e+00  0.0000e+00  0.0000e+00  0.0000e+00  0.0000e+00  0.0000e+00  0.0000e+00       0.0       0.0      0038
 -120.4308   35.8884 -4.6169e+00 -2.3153e+00  0.0000e+00  0.0000e+00  0.0000e+00  0.0000e+00  0.0000e+00  0.0000e+00  0.0000e+00       0.0       0.0      0039
 -118.8967   37.6446 -1.5875e+00 -1.0964e+00  0.0000e+00  0.0000e+00  0.0000e+00  0.0000e+00  0.0000e+00  0.0000e+00  0.0000e+00       0.0       0.0      0040
 -118.4830   33.4458  1.0727e-01  8.3667e-01  0.0000e+00  0.0000e+00  0.0000e+00  0.0000e+00  0.0000e+00  0.0000e+00  0.0000e+00       0.0       0.0      0041
 -118.3338   33.3116  3.6907e-01  1.0781e+00  0.0000e+00  0.0000e+00  0.0000e+00  0.0000e+00  0.0000e+00  0.0000e+00  0.0000e+00       0.0       0.0      0042
 -118.6298   34.1386 -1.2382e+00  5.9910e-01  0.0000e+00  0.0000e+00  0.0000e+00  0.0000e+00  0.0000e+00  0.0000e+00  0.0000e+00       0.0       0.0      0043
 -117.6712   35.5653  4.2193e-01 -1.3440e-01  0.0000e+00  0.0000e+00  0.0000e+00  0.0000e+00  0.0000e+00  0.0000e+00  0.0000e+00       0.0       0.0      0044
 -118.2112   33.8763 -7.2539e-01  1.2765e+00  0.0000e+00  0.0000e+00  0.0000e+00  0.0000e+00  0.0000e+00  0.0000e+00  0.0000e+00       0.0       0.0      0045
 -117.8649   33.8627 -6.9375e-01  1.8369e+00  0.0000e+00  0.0000e+00  0.0000e+00  0.0000e+00  0.0000e+00  0.0000e+00  0.0000e+00       0.0       0.0      0046
 -119.0135   34.8064 -2.5351e+00 -2.1848e-02  0.0000e+00  0.0000e+00  0.0000e+00  0.0000e+00  0.0000e+00  0.0000e+00  0.0000e+00       0.0       0.0      0047
 -116.3359   34.8295  1.1410e+00  9.1380e-01  0.0000e+00  0.0000e+00  0.0000e+00  0.0000e+00  0.0000e+00  0.0000e+00  0.0000e+00       0.0       0.0      0048
 -117.9649   34.2440 -1.4353e+00  1.6750e+00  0.0000e+00  0.0000e+00  0.0000e+00  0.0000e+00  0.0000e+00  0.0000e+00  0.0000e+00       0.0       0.0      0049
 -118.0260   34.3334 -1.6098e+00  1.5762e+00  0.0000e+00  0.0000e+00  0.0000e+00  0.0000e+00  0.0000e+00  0.0000e+00  0.0000e+00       0.0       0.0      0050
 -116.7655   36.7465 -7.2214e-01  5.7659e-01  0.0000e+00  0.0000e+00  0.0000e+00  0.0000e+00  0.0000e+00  0.0000e+00  0.0000e+00       0.0       0.0      0051
 -117.8277   34.6405  1.3195e+00 -2.5726e-01  0.0000e+00  0.0000e+00  0.0000e+00  0.0000e+00  0.0000e+00  0.0000e+00  0.0000e+00       0.0       0.0      0052
 -118.9373   34.1096 -1.1830e+00  1.0147e-01  0.0000e+00  0.0000e+00  0.0000e+00  0.0000e+00  0.0000e+00  0.0000e+00  0.0000e+00       0.0       0.0      0053
 -118.1273   34.1367 -1.2296e+00  1.4123e+00  0.0000e+00  0.0000e+00  0.0000e+00  0.0000e+00  0.0000e+00  0.0000e+00  0.0000e+00       0.0       0.0      0054
 -117.4794   34.3138 -1.5609e+00  2.4606e+00  0.0000e+00  0.0000e+00  0.0000e+00  0.0000e+00  0.0000e+00  0.0000e+00  0.0000e+00       0.0       0.0      0055
 -117.7088   34.1099 -1.1704e+00  2.0894e+00  0.0000e+00  0.0000e+00  0.0000e+00  0.0000e+00  0.0000e+00  0.0000e+00  0.0000e+00       0.0       0.0      0056
 -118.4114   34.3532 -1.6530e+00  9.5254e-01  0.0000e+00  0.0000e+00  0.0000e+00  0.0000e+00  0.0000e+00  0.0000e+00  0.0000e+00       0.0       0.0      0057
 -121.2785   37.8964 -1.7798e+00 -2.9641e+00  0.0000e+00  0.0000e+00  0.0000e+00  0.0000e+00  0.0000e+00  0.0000e+00  0.0000e+00       0.0       0.0      0058
 -117.6089   33.8576 -6.7877e-01  2.2510e+00  0.0000e+00  0.0000e+00  0.0000e+00  0.0000e+00  0.0000e+00  0.0000e+00  0.0000e+00       0.0       0.0      0059
 -119.8795   34.4149 -1.7693e+00 -1.4233e+00  0.0000e+00  0.0000e+00  0.0000e+00  0.0000e+00  0.0000e+00  0.0000e+00  0.0000e+00       0.0       0.0      0060
 -117.8089   35.9823  1.7559e-02 -2.4250e-01  0.0000e+00  0.0000e+00  0.0000e+00  0.0000e+00  0.0000e+00  0.0000e+00  0.0000e+00       0.0       0.0      0061
 -116.3869   33.7325 -3.9767e-01  4.2274e+00  0.0000e+00  0.0000e+00  0.0000e+00  0.0000e+00  0.0000e+00  0.0000e+00  0.0000e+00       0.0       0.0      0062
 -117.5730   35.0717  9.0077e-01 -5.7308e-02  0.0000e+00  0.0000e+00  0.0000e+00  0.0000e+00  0.0000e+00  0.0000e+00  0.0000e+00       0.0       0.0      0063
 -116.5693   36.8077 -7.8018e-01  7.3060e-01  0.0000e+00  0.0000e+00  0.0000e+00  0.0000e+00  0.0000e+00  0.0000e+00  0.0000e+00       0.0       0.0      0064
 -120.7508   35.7916 -4.4208e+00 -2.8329e+00  0.0000e+00  0.0000e+00  0.0000e+00  0.0000e+00  0.0000e+00  0.0000e+00  0.0000e+00       0.0       0.0      0065
 -117.0997   34.0391 -1.0177e+00  3.0748e+00  0.0000e+00  0.0000e+00  0.0000e+00  0.0000e+00  0.0000e+00  0.0000e+00  0.0000e+00       0.0       0.0      0066
 -118.2728   33.8235 -6.2366e-01  1.1768e+00  0.0000e+00  0.0000e+00  0.0000e+00  0.0000e+00  0.0000e+00  0.0000e+00  0.0000e+00       0.0       0.0      0067
 -115.7350   33.0698  9.1702e-01  5.2810e+00  0.0000e+00  0.0000e+00  0.0000e+00  0.0000e+00  0.0000e+00  0.0000e+00  0.0000e+00       0.0       0.0      0068
 -119.7848   34.0293 -1.0223e+00 -1.2700e+00  0.0000e+00  0.0000e+00  0.0000e+00  0.0000e+00  0.0000e+00  0.0000e+00  0.0000e+00       0.0       0.0      0069
 -119.0390   34.1684 -1.2971e+00 -6.3115e-02  0.0000e+00  0.0000e+00  0.0000e+00  0.0000e+00  0.0000e+00  0.0000e+00  0.0000e+00       0.0       0.0      0070
 -118.2567   33.8615 -6.9722e-01  1.2029e+00  0.0000e+00  0.0000e+00  0.0000e+00  0.0000e+00  0.0000e+00  0.0000e+00  0.0000e+00       0.0       0.0      0071
 -118.5238   34.2535 -1.4605e+00  7.7064e-01  0.0000e+00  0.0000e+00  0.0000e+00  0.0000e+00  0.0000e+00  0.0000e+00  0.0000e+00       0.0       0.0      0072
 -119.3712   34.4081 -1.7612e+00 -6.0072e-01  0.0000e+00  0.0000e+00  0.0000e+00  0.0000e+00  0.0000e+00  0.0000e+00  0.0000e+00       0.0       0.0      0073
 -118.6132   34.5165 -1.9714e+00  6.2597e-01  0.0000e+00  0.0000e+00  0.0000e+00  0.0000e+00  0.0000e+00  0.0000e+00  0.0000e+00       0.0       0.0      0074
 -116.3704   34.1241  1.8249e+00  8.8672e-01  0.0000e+00  0.0000e+00  0.0000e+00  0.0000e+00  0.0000e+00  0.0000e+00  0.0000e+00       0.0       0.0      0075
 -119.6739   34.9426 -2.7957e+00 -1.0906e+00  0.0000e+00  0.0000e+00  0.0000e+00  0.0000e+00  0.0000e+00  0.0000e+00  0.0000e+00       0.0       0.0      0076
 -117.9017   34.0820 -1.1199e+00  1.7773e+00  0.0000e+00  0.0000e+00  0.0000e+00  0.0000e+00  0.0000e+00  0.0000e+00  0.0000e+00       0.0       0.0      0077
 -118.3969   34.3348 -1.6172e+00  9.7600e-01  0.0000e+00  0.0000e+00  0.0000e+00  0.0000e+00  0.0000e+00  0.0000e+00  0.0000e+00       0.0       0.0      0078
 -118.9812   37.7442 -1.6830e+00 -1.1627e+00  0.0000e+00  0.0000e+00  0.0000e+00  0.0000e+00  0.0000e+00  0.0000e+00  0.0000e+00       0.0       0.0      0079
 -115.7880   33.3898  2.9403e-01  5.1954e+00  0.0000e+00  0.0000e+00  0.0000e+00  0.0000e+00  0.0000e+00  0.0000e+00  0.0000e+00       0.0       0.0      0080
 -121.9156   37.8786 -1.7406e+00 -3.4630e+00  0.0000e+00  0.0000e+00  0.0000e+00  0.0000e+00  0.0000e+00  0.0000e+00  0.0000e+00       0.0       0.0      0081
 -118.3485   34.0239 -1.0134e+00  1.0543e+00  0.0000e+00  0.0000e+00  0.0000e+00  0.0000e+00  0.0000e+00  0.0000e+00  0.0000e+00       0.0       0.0      0082
 -117.2495   33.0365  9.2310e-01  2.8325e+00  0.0000e+00  0.0000e+00  0.0000e+00  0.0000e+00  0.0000e+00  0.0000e+00  0.0000e+00       0.0       0.0      0083
 -116.7121   33.7333 -4.1172e-01  3.7016e+00  0.0000e+00  0.0000e+00  0.0000e+00  0.0000e+00  0.0000e+00  0.0000e+00  0.0000e+00       0.0       0.0      0084
 -117.8601   34.4134 -1.7622e+00  1.8446e+00  0.0000e+00  0.0000e+00  0.0000e+00  0.0000e+00  0.0000e+00  0.0000e+00  0.0000e+00       0.0       0.0      0085
 -118.0393   37.7428 -1.6897e+00 -4.2336e-01  0.0000e+00  0.0000e+00  0.0000e+00  0.0000e+00  0.0000e+00  0.0000e+00  0.0000e+00       0.0       0.0      0086
 -118.1260   33.9380 -8.4400e-01  1.4144e+00  0.0000e+00  0.0000e+00  0.0000e+00  0.0000e+00  0.0000e+00  0.0000e+00  0.0000e+00       0.0       0.0      0087
 -118.3290   33.8868 -7.4712e-01  1.0859e+00  0.0000e+00  0.0000e+00  0.0000e+00  0.0000e+00  0.0000e+00  0.0000e+00  0.0000e+00       0.0       0.0      0088
 -117.4117   33.6477 -2.6690e-01  2.5701e+00  0.0000e+00  0.0000e+00  0.0000e+00  0.0000e+00  0.0000e+00  0.0000e+00  0.0000e+00       0.0       0.0      0089
 -114.2642   37.9155 -1.8143e+00  2.5389e+00  0.0000e+00  0.0000e+00  0.0000e+00  0.0000e+00  0.0000e+00  0.0000e+00  0.0000e+00       0.0       0.0      0090
 -118.8304   34.9462  1.0295e+00 -1.0443e+00  0.0000e+00  0.0000e+00  0.0000e+00  0.0000e+00  0.0000e+00  0.0000e+00  0.0000e+00       0.0       0.0      0091
 -118.2084   34.0297 -1.0230e+00  1.2810e+00  0.0000e+00  0.0000e+00  0.0000e+00  0.0000e+00  0.0000e+00  0.0000e+00  0.0000e+00       0.0       0.0      0092
 -117.5256   34.1042 -1.1553e+00  2.3858e+00  0.0000e+00  0.0000e+00  0.0000e+00  0.0000e+00  0.0000e+00  0.0000e+00  0.0000e+00       0.0       0.0      0093
 -120.0094   34.7330 -2.3845e+00 -1.6335e+00  0.0000e+00  0.0000e+00  0.0000e+00  0.0000e+00  0.0000e+00  0.0000e+00  0.0000e+00       0.0       0.0      0094
 -118.8941   34.4099 -1.7657e+00  1.7138e-01  0.0000e+00  0.0000e+00  0.0000e+00  0.0000e+00  0.0000e+00  0.0000e+00  0.0000e+00       0.0       0.0      0095
 -118.8840   34.3563 -1.6617e+00  1.8773e-01  0.0000e+00  0.0000e+00  0.0000e+00  0.0000e+00  0.0000e+00  0.0000e+00  0.0000e+00       0.0       0.0      0096
 -117.9357   33.6623 -3.0611e-01  1.7223e+00  0.0000e+00  0.0000e+00  0.0000e+00  0.0000e+00  0.0000e+00  0.0000e+00  0.0000e+00       0.0       0.0      0097
 -118.3595   34.0806 -1.1235e+00  1.0365e+00  0.0000e+00  0.0000e+00  0.0000e+00  0.0000e+00  0.0000e+00  0.0000e+00  0.0000e+00       0.0       0.0      0098
 -118.8934   34.8002 -2.5230e+00  1.7251e-01  0.0000e+00  0.0000e+00  0.0000e+00  0.0000e+00  0.0000e+00  0.0000e+00  0.0000e+00       0.0       0.0      0099
 -119.8637   35.1894 -3.2721e+00 -1.3977e+00  0.0000e+00  0.0000e+00  0.0000e+00  0.0000e+00  0.0000e+00  0.0000e+00  0.0000e+00       0.0       0.0      0100
 -117.3979   34.2039 -1.3457e+00  2.5924e+00  0.0000e+00  0.0000e+00  0.0000e+00  0.0000e+00  0.0000e+00  0.0000e+00  0.0000e+00       0.0       0.0      0101
 -115.5214   33.2748  2.6581e+00  1.5530e+00  0.0000e+00  0.0000e+00  0.0000e+00  0.0000e+00  0.0000e+00  0.0000e+00  0.0000e+00       0.0       0.0      0102
 -114.8273   33.0511  2.8869e+00  2.0974e+00  0.0000e+00  0.0000e+00  0.0000e+00  0.0000e+00  0.0000e+00  0.0000e+00  0.0000e+00       0.0       0.0      0103
 -115.6602   34.7840  1.1931e+00  1.4441e+00  0.0000e+00  0.0000e+00  0.0000e+00  0.0000e+00  0.0000e+00  0.0000e+00  0.0000e+00       0.0       0.0      0104
 -114.1894   34.3086  1.6833e+00  2.5975e+00  0.0000e+00  0.0000e+00  0.0000e+00  0.0000e+00  0.0000e+00  0.0000e+00  0.0000e+00       0.0       0.0      0105
 -116.8892   35.4252  5.5923e-01  4.7949e-01  0.0000e+00  0.0000e+00  0.0000e+00  0.0000e+00  0.0000e+00  0.0000e+00  0.0000e+00       0.0       0.0      0106
 -118.1129   34.0474 -1.0561e+00  1.4356e+00  0.0000e+00  0.0000e+00  0.0000e+00  0.0000e+00  0.0000e+00  0.0000e+00  0.0000e+00       0.0       0.0      0107
 -120.6821   34.4694 -1.8586e+00 -2.7218e+00  0.0000e+00  0.0000e+00  0.0000e+00  0.0000e+00  0.0000e+00  0.0000e+00  0.0000e+00       0.0       0.0      0108
 -118.2858   33.7836 -5.4638e-01  1.1558e+00  0.0000e+00  0.0000e+00  0.0000e+00  0.0000e+00  0.0000e+00  0.0000e+00  0.0000e+00       0.0       0.0      0109
 -116.4301   34.7548  1.2127e+00  8.3986e-01  0.0000e+00  0.0000e+00  0.0000e+00  0.0000e+00  0.0000e+00  0.0000e+00  0.0000e+00       0.0       0.0      0110
 -117.7995   34.7599  1.2036e+00 -2.3512e-01  0.0000e+00  0.0000e+00  0.0000e+00  0.0000e+00  0.0000e+00  0.0000e+00  0.0000e+00       0.0       0.0      0111
 -115.6353   33.7050  2.2396e+00  1.4636e+00  0.0000e+00  0.0000e+00  0.0000e+00  0.0000e+00  0.0000e+00  0.0000e+00  0.0000e+00       0.0       0.0      0112
 -120.4795   35.8667 -4.5737e+00 -2.3941e+00  0.0000e+00  0.0000e+00  0.0000e+00  0.0000e+00  0.0000e+00  0.0000e+00  0.0000e+00       0.0       0.0      0113
 -117.8452   34.4582 -1.8489e+00  1.8687e+00  0.0000e+00  0.0000e+00  0.0000e+00  0.0000e+00  0.0000e+00  0.0000e+00  0.0000e+00       0.0       0.0      0114
 -118.1682   33.9245 -8.1837e-01  1.3461e+00  0.0000e+00  0.0000e+00  0.0000e+00  0.0000e+00  0.0000e+00  0.0000e+00  0.0000e+00       0.0       0.0      0115
 -118.8212   37.6586 -1.6019e+00 -1.0371e+00  0.0000e+00  0.0000e+00  0.0000e+00  0.0000e+00  0.0000e+00  0.0000e+00  0.0000e+00       0.0       0.0      0116
 -120.4024   35.8808  1.4948e-01 -2.2775e+00  0.0000e+00  0.0000e+00  0.0000e+00  0.0000e+00  0.0000e+00  0.0000e+00  0.0000e+00       0.0       0.0      0117
 -119.1875   34.4412 -1.8262e+00 -3.0344e-01  0.0000e+00  0.0000e+00  0.0000e+00  0.0000e+00  0.0000e+00  0.0000e+00  0.0000e+00       0.0       0.0      0118
 -115.9114   34.7273  1.2447e+00  1.2469e+00  0.0000e+00  0.0000e+00  0.0000e+00  0.0000e+00  0.0000e+00  0.0000e+00  0.0000e+00       0.0       0.0      0119
 -115.0318   32.7062  3.2170e+00  1.9370e+00  0.0000e+00  0.0000e+00  0.0000e+00  0.0000e+00  0.0000e+00  0.0000e+00  0.0000e+00       0.0       0.0      0120
 -115.1451   34.1576  1.8088e+00  1.8482e+00  0.0000e+00  0.0000e+00  0.0000e+00  0.0000e+00  0.0000e+00  0.0000e+00  0.0000e+00       0.0       0.0      0121
 -118.4743   35.6623  3.3148e-01 -7.6482e-01  0.0000e+00  0.0000e+00  0.0000e+00  0.0000e+00  0.0000e+00  0.0000e+00  0.0000e+00       0.0       0.0      0122
 -115.5068   32.8294  3.0898e+00  1.5644e+00  0.0000e+00  0.0000e+00  0.0000e+00  0.0000e+00  0.0000e+00  0.0000e+00  0.0000e+00       0.0       0.0      0123
 -119.0847   37.7717 -1.7084e+00 -1.2439e+00  0.0000e+00  0.0000e+00  0.0000e+00  0.0000e+00  0.0000e+00  0.0000e+00  0.0000e+00       0.0       0.0      0124
 -116.0990   36.4588 -4.3721e-01  1.0997e+00  0.0000e+00  0.0000e+00  0.0000e+00  0.0000e+00  0.0000e+00  0.0000e+00  0.0000e+00       0.0       0.0      0125
 -118.1732   34.2048 -1.3624e+00  1.3380e+00  0.0000e+00  0.0000e+00  0.0000e+00  0.0000e+00  0.0000e+00  0.0000e+00  0.0000e+00       0.0       0.0      0126
 -119.0082   34.3985 -1.7437e+00 -1.3270e-02  0.0000e+00  0.0000e+00  0.0000e+00  0.0000e+00  0.0000e+00  0.0000e+00  0.0000e+00       0.0       0.0      0127
 -118.9792   37.6591 -1.6005e+00 -1.1611e+00  0.0000e+00  0.0000e+00  0.0000e+00  0.0000e+00  0.0000e+00  0.0000e+00  0.0000e+00       0.0       0.0      0128
 -118.8805   37.7133 -1.6543e+00 -1.0836e+00  0.0000e+00  0.0000e+00  0.0000e+00  0.0000e+00  0.0000e+00  0.0000e+00  0.0000e+00       0.0       0.0      0129
 -116.1734   33.9254  2.0194e+00  1.0413e+00  0.0000e+00  0.0000e+00  0.0000e+00  0.0000e+00  0.0000e+00  0.0000e+00  0.0000e+00       0.0       0.0      0130
 -120.4733   35.8998 -4.6380e+00 -2.3840e+00  0.0000e+00  0.0000e+00  0.0000e+00  0.0000e+00  0.0000e+00  0.0000e+00  0.0000e+00       0.0       0.0      0131
 -118.5746   34.1819 -1.3219e+00  6.8843e-01  0.0000e+00  0.0000e+00  0.0000e+00  0.0000e+00  0.0000e+00  0.0000e+00  0.0000e+00       0.0       0.0      0132
 -118.3065   33.9279 -8.2663e-01  1.1223e+00  0.0000e+00  0.0000e+00  0.0000e+00  0.0000e+00  0.0000e+00  0.0000e+00  0.0000e+00       0.0       0.0      0133
 -118.1372   33.8321 -6.3866e-01  1.3962e+00  0.0000e+00  0.0000e+00  0.0000e+00  0.0000e+00  0.0000e+00  0.0000e+00  0.0000e+00       0.0       0.0      0134
 -118.1732   33.7916 -5.6054e-01  1.3380e+00  0.0000e+00  0.0000e+00  0.0000e+00  0.0000e+00  0.0000e+00  0.0000e+00  0.0000e+00       0.0       0.0      0135
 -118.2033   33.7878 -5.5355e-01  1.2893e+00  0.0000e+00  0.0000e+00  0.0000e+00  0.0000e+00  0.0000e+00  0.0000e+00  0.0000e+00       0.0       0.0      0136
 -116.4328   34.2673  1.6855e+00  8.3774e-01  0.0000e+00  0.0000e+00  0.0000e+00  0.0000e+00  0.0000e+00  0.0000e+00  0.0000e+00       0.0       0.0      0137
 -116.2091   34.6994  1.2684e+00  1.0133e+00  0.0000e+00  0.0000e+00  0.0000e+00  0.0000e+00  0.0000e+00  0.0000e+00  0.0000e+00       0.0       0.0      0138
 -118.3218   34.1346 -1.2279e+00  1.0975e+00  0.0000e+00  0.0000e+00  0.0000e+00  0.0000e+00  0.0000e+00  0.0000e+00  0.0000e+00       0.0       0.0      0139
 -118.4128   34.0951 -1.1522e+00  9.5027e-01  0.0000e+00  0.0000e+00  0.0000e+00  0.0000e+00  0.0000e+00  0.0000e+00  0.0000e+00       0.0       0.0      0140
 -119.0173   37.6372 -1.5788e+00 -1.1910e+00  0.0000e+00  0.0000e+00  0.0000e+00  0.0000e+00  0.0000e+00  0.0000e+00  0.0000e+00       0.0       0.0      0141
 -118.1392   34.6620  1.2998e+00 -5.0179e-01  0.0000e+00  0.0000e+00  0.0000e+00  0.0000e+00  0.0000e+00  0.0000e+00  0.0000e+00       0.0       0.0      0142
 -116.3082   36.7459 -7.1795e-01  9.3554e-01  0.0000e+00  0.0000e+00  0.0000e+00  0.0000e+00  0.0000e+00  0.0000e+00  0.0000e+00       0.0       0.0      0143
 -118.8677   34.8075 -2.5371e+00  2.1411e-01  0.0000e+00  0.0000e+00  0.0000e+00  0.0000e+00  0.0000e+00  0.0000e+00  0.0000e+00       0.0       0.0      0144
 -117.8350   34.4855  1.4699e+00 -2.6299e-01  0.0000e+00  0.0000e+00  0.0000e+00  0.0000e+00  0.0000e+00  0.0000e+00  0.0000e+00       0.0       0.0      0145
 -117.8379   34.5860  1.3724e+00 -2.6526e-01  0.0000e+00  0.0000e+00  0.0000e+00  0.0000e+00  0.0000e+00  0.0000e+00  0.0000e+00       0.0       0.0      0146
 -119.0579   36.3600 -3.3947e-01 -1.2229e+00  0.0000e+00  0.0000e+00  0.0000e+00  0.0000e+00  0.0000e+00  0.0000e+00  0.0000e+00       0.0       0.0      0147
 -116.9397   35.0902  8.8403e-01  4.3985e-01  0.0000e+00  0.0000e+00  0.0000e+00  0.0000e+00  0.0000e+00  0.0000e+00  0.0000e+00       0.0       0.0      0148
 -118.0034   34.1119 -1.1796e+00  1.6128e+00  0.0000e+00  0.0000e+00  0.0000e+00  0.0000e+00  0.0000e+00  0.0000e+00  0.0000e+00       0.0       0.0      0149
 -117.7541   34.1333 -1.2167e+00  2.0161e+00  0.0000e+00  0.0000e+00  0.0000e+00  0.0000e+00  0.0000e+00  0.0000e+00  0.0000e+00       0.0       0.0      0150
 -120.5943   35.8287 -4.4971e+00 -2.5798e+00  0.0000e+00  0.0000e+00  0.0000e+00  0.0000e+00  0.0000e+00  0.0000e+00  0.0000e+00       0.0       0.0      0151
 -117.9567   34.0268 -1.0138e+00  1.6883e+00  0.0000e+00  0.0000e+00  0.0000e+00  0.0000e+00  0.0000e+00  0.0000e+00  0.0000e+00       0.0       0.0      0152
 -121.8652   37.2869 -1.1696e+00 -3.4235e+00  0.0000e+00  0.0000e+00  0.0000e+00  0.0000e+00  0.0000e+00  0.0000e+00  0.0000e+00       0.0       0.0      0153
 -119.1037   34.7336 -2.3938e+00 -1.6782e-01  0.0000e+00  0.0000e+00  0.0000e+00  0.0000e+00  0.0000e+00  0.0000e+00  0.0000e+00       0.0       0.0      0154
 -115.1913   36.1595 -1.3323e-01  1.8119e+00  0.0000e+00  0.0000e+00  0.0000e+00  0.0000e+00  0.0000e+00  0.0000e+00  0.0000e+00       0.0       0.0      0155
 -120.4431   35.8326 -4.5085e+00 -2.3352e+00  0.0000e+00  0.0000e+00  0.0000e+00  0.0000e+00  0.0000e+00  0.0000e+00  0.0000e+00       0.0       0.0      0156
 -117.4367   33.8568 -6.7322e-01  2.5296e+00  0.0000e+00  0.0000e+00  0.0000e+00  0.0000e+00  0.0000e+00  0.0000e+00  0.0000e+00       0.0       0.0      0157
 -115.9790   36.6325 -6.0428e-01  1.1939e+00  0.0000e+00  0.0000e+00  0.0000e+00  0.0000e+00  0.0000e+00  0.0000e+00  0.0000e+00       0.0       0.0      0158
 -121.6426   37.3415 -1.2303e+00 -3.2493e+00  0.0000e+00  0.0000e+00  0.0000e+00  0.0000e+00  0.0000e+00  0.0000e+00  0.0000e+00       0.0       0.0      0159
 -118.2441   33.9391 -8.4766e-01  1.2233e+00  0.0000e+00  0.0000e+00  0.0000e+00  0.0000e+00  0.0000e+00  0.0000e+00  0.0000e+00       0.0       0.0      0160
 -120.4588   35.9219 -4.6812e+00 -2.3606e+00  0.0000e+00  0.0000e+00  0.0000e+00  0.0000e+00  0.0000e+00  0.0000e+00  0.0000e+00       0.0       0.0      0161
 -120.3514   34.0383 -1.0302e+00 -2.1868e+00  0.0000e+00  0.0000e+00  0.0000e+00  0.0000e+00  0.0000e+00  0.0000e+00  0.0000e+00       0.0       0.0      0162
 -119.0609   37.6538 -1.5944e+00 -1.2252e+00  0.0000e+00  0.0000e+00  0.0000e+00  0.0000e+00  0.0000e+00  0.0000e+00  0.0000e+00       0.0       0.0      0163
 -117.5505   33.7145 -3.9981e-01  2.3455e+00  0.0000e+00  0.0000e+00  0.0000e+00  0.0000e+00  0.0000e+00  0.0000e+00  0.0000e+00       0.0       0.0      0164
 -117.3180   33.9184 -7.8970e-01  2.7217e+00  0.0000e+00  0.0000e+00  0.0000e+00  0.0000e+00  0.0000e+00  0.0000e+00  0.0000e+00       0.0       0.0      0165
 -120.4341   35.9695  6.4229e-02 -2.3024e+00  0.0000e+00  0.0000e+00  0.0000e+00  0.0000e+00  0.0000e+00  0.0000e+00  0.0000e+00       0.0       0.0      0166
 -121.8669   37.4853 -1.3616e+00 -3.4249e+00  0.0000e+00  0.0000e+00  0.0000e+00  0.0000e+00  0.0000e+00  0.0000e+00  0.0000e+00       0.0       0.0      0167
 -116.4223   32.8919  1.2311e+00  4.1702e+00  0.0000e+00  0.0000e+00  0.0000e+00  0.0000e+00  0.0000e+00  0.0000e+00  0.0000e+00       0.0       0.0      0168
 -118.8780   34.2955 -1.5437e+00  1.9744e-01  0.0000e+00  0.0000e+00  0.0000e+00  0.0000e+00  0.0000e+00  0.0000e+00  0.0000e+00       0.0       0.0      0169
 -117.8817   34.1752 -1.3004e+00  1.8097e+00  0.0000e+00  0.0000e+00  0.0000e+00  0.0000e+00  0.0000e+00  0.0000e+00  0.0000e+00       0.0       0.0      0170
 -117.2101   34.2308  1.7168e+00  2.2758e-01  0.0000e+00  0.0000e+00  0.0000e+00  0.0000e+00  0.0000e+00  0.0000e+00  0.0000e+00       0.0       0.0      0171
 -118.2455   34.0552 -1.0730e+00  1.2210e+00  0.0000e+00  0.0000e+00  0.0000e+00  0.0000e+00  0.0000e+00  0.0000e+00  0.0000e+00       0.0       0.0      0172
 -119.3093   37.1699 -1.1216e+00 -1.4201e+00  0.0000e+00  0.0000e+00  0.0000e+00  0.0000e+00  0.0000e+00  0.0000e+00  0.0000e+00       0.0       0.0      0173
 -119.0960   34.2616 -1.4779e+00 -1.5536e-01  0.0000e+00  0.0000e+00  0.0000e+00  0.0000e+00  0.0000e+00  0.0000e+00  0.0000e+00       0.0       0.0      0174
 -116.5253   33.2109  6.0842e-01  4.0037e+00  0.0000e+00  0.0000e+00  0.0000e+00  0.0000e+00  0.0000e+00  0.0000e+00  0.0000e+00       0.0       0.0      0175
 -118.9447   37.6405 -1.5829e+00 -1.1340e+00  0.0000e+00  0.0000e+00  0.0000e+00  0.0000e+00  0.0000e+00  0.0000e+00  0.0000e+00       0.0       0.0      0176
 -116.1482   34.5086  1.4541e+00  1.0611e+00  0.0000e+00  0.0000e+00  0.0000e+00  0.0000e+00  0.0000e+00  0.0000e+00  0.0000e+00       0.0       0.0      0177
 -114.6186   34.7677  1.2281e+00  2.2611e+00  0.0000e+00  0.0000e+00  0.0000e+00  0.0000e+00  0.0000e+00  0.0000e+00  0.0000e+00       0.0       0.0      0178
 -119.1413   34.4987 -1.9379e+00 -2.2867e-01  0.0000e+00  0.0000e+00  0.0000e+00  0.0000e+00  0.0000e+00  0.0000e+00  0.0000e+00       0.0       0.0      0179
 -117.5696   33.9197 -7.9839e-01  2.3146e+00  0.0000e+00  0.0000e+00  0.0000e+00  0.0000e+00  0.0000e+00  0.0000e+00  0.0000e+00       0.0       0.0      0180
 -118.3480   33.9797 -9.2760e-01  1.0551e+00  0.0000e+00  0.0000e+00  0.0000e+00  0.0000e+00  0.0000e+00  0.0000e+00  0.0000e+00       0.0       0.0      0181
 -116.9727   32.5793  1.8180e+00  3.2802e+00  0.0000e+00  0.0000e+00  0.0000e+00  0.0000e+00  0.0000e+00  0.0000e+00  0.0000e+00       0.0       0.0      0182
 -116.0677   34.1410  1.8115e+00  1.1243e+00  0.0000e+00  0.0000e+00  0.0000e+00  0.0000e+00  0.0000e+00  0.0000e+00  0.0000e+00       0.0       0.0      0183
 -118.6014   34.3299 -1.6093e+00  6.4506e-01  0.0000e+00  0.0000e+00  0.0000e+00  0.0000e+00  0.0000e+00  0.0000e+00  0.0000e+00       0.0       0.0      0184
 -117.7441   33.7659 -5.0365e-01  2.0323e+00  0.0000e+00  0.0000e+00  0.0000e+00  0.0000e+00  0.0000e+00  0.0000e+00  0.0000e+00       0.0       0.0      0185
 -117.0418   33.1306  7.4649e-01  3.1684e+00  0.0000e+00  0.0000e+00  0.0000e+00  0.0000e+00  0.0000e+00  0.0000e+00  0.0000e+00       0.0       0.0      0186
 -115.9181   34.3699  1.5912e+00  1.2417e+00  0.0000e+00  0.0000e+00  0.0000e+00  0.0000e+00  0.0000e+00  0.0000e+00  0.0000e+00       0.0       0.0      0187
 -116.3055   34.4277  1.5310e+00  9.3766e-01  0.0000e+00  0.0000e+00  0.0000e+00  0.0000e+00  0.0000e+00  0.0000e+00  0.0000e+00       0.0       0.0      0188
 -116.0834   34.3671  1.5920e+00  1.1120e+00  0.0000e+00  0.0000e+00  0.0000e+00  0.0000e+00  0.0000e+00  0.0000e+00  0.0000e+00       0.0       0.0      0189
 -116.1495   34.4301  1.5302e+00  1.0601e+00  0.0000e+00  0.0000e+00  0.0000e+00  0.0000e+00  0.0000e+00  0.0000e+00  0.0000e+00       0.0       0.0      0190
 -116.2923   34.5330  1.4290e+00  9.4802e-01  0.0000e+00  0.0000e+00  0.0000e+00  0.0000e+00  0.0000e+00  0.0000e+00  0.0000e+00       0.0       0.0      0191
 -120.2786   34.7391 -2.3914e+00 -2.0690e+00  0.0000e+00  0.0000e+00  0.0000e+00  0.0000e+00  0.0000e+00  0.0000e+00  0.0000e+00       0.0       0.0      0192
 -116.8151   34.6749  1.2875e+00  5.3766e-01  0.0000e+00  0.0000e+00  0.0000e+00  0.0000e+00  0.0000e+00  0.0000e+00  0.0000e+00       0.0       0.0      0193
 -119.1419   34.3274 -1.6055e+00 -2.2964e-01  0.0000e+00  0.0000e+00  0.0000e+00  0.0000e+00  0.0000e+00  0.0000e+00  0.0000e+00       0.0       0.0      0194
 -118.2073   34.1288 -1.2153e+00  1.2828e+00  0.0000e+00  0.0000e+00  0.0000e+00  0.0000e+00  0.0000e+00  0.0000e+00  0.0000e+00       0.0       0.0      0195
 -119.3534   34.6834 -2.2955e+00 -5.7192e-01  0.0000e+00  0.0000e+00  0.0000e+00  0.0000e+00  0.0000e+00  0.0000e+00  0.0000e+00       0.0       0.0      0196
 -114.0050   32.7225  3.2238e+00  2.7420e+00  0.0000e+00  0.0000e+00  0.0000e+00  0.0000e+00  0.0000e+00  0.0000e+00  0.0000e+00       0.0       0.0      0197
 -119.0629   36.0274 -1.6746e-02 -1.2268e+00  0.0000e+00  0.0000e+00  0.0000e+00  0.0000e+00  0.0000e+00  0.0000e+00  0.0000e+00       0.0       0.0      0198
 -116.1698   32.6165  1.7755e+00  4.5784e+00  0.0000e+00  0.0000e+00  0.0000e+00  0.0000e+00  0.0000e+00  0.0000e+00  0.0000e+00       0.0       0.0      0199
 -121.0030   35.5517 -3.9480e+00 -3.2409e+00  0.0000e+00  0.0000e+00  0.0000e+00  0.0000e+00  0.0000e+00  0.0000e+00  0.0000e+00       0.0       0.0      0200
 -121.7925   36.4855 -5.7259e+00 -4.5174e+00  0.0000e+00  0.0000e+00  0.0000e+00  0.0000e+00  0.0000e+00  0.0000e+00  0.0000e+00       0.0       0.0      0201
 -121.7318   36.8161 -6.3689e+00 -4.4193e+00  0.0000e+00  0.0000e+00  0.0000e+00  0.0000e+00  0.0000e+00  0.0000e+00  0.0000e+00       0.0       0.0      0202
 -121.9908   37.2017 -1.0825e+00 -3.5218e+00  0.0000e+00  0.0000e+00  0.0000e+00  0.0000e+00  0.0000e+00  0.0000e+00  0.0000e+00       0.0       0.0      0203
 -121.6506   37.1045 -1.0005e+00 -3.2555e+00  0.0000e+00  0.0000e+00  0.0000e+00  0.0000e+00  0.0000e+00  0.0000e+00  0.0000e+00       0.0       0.0      0204
 -121.7140   37.2035 -1.0942e+00 -3.3052e+00  0.0000e+00  0.0000e+00  0.0000e+00  0.0000e+00  0.0000e+00  0.0000e+00  0.0000e+00       0.0       0.0      0205
 -121.6869   37.6018 -1.4809e+00 -3.2839e+00  0.0000e+00  0.0000e+00  0.0000e+00  0.0000e+00  0.0000e+00  0.0000e+00  0.0000e+00       0.0       0.0      0206
 -121.9780   37.7494 -1.6132e+00 -3.5118e+00  0.0000e+00  0.0000e+00  0.0000e+00  0.0000e+00  0.0000e+00  0.0000e+00  0.0000e+00       0.0       0.0      0207
 -121.7864   37.8190 -1.6876e+00 -3.3618e+00  0.0000e+00  0.0000e+00  0.0000e+00  0.0000e+00  0.0000e+00  0.0000e+00  0.0000e+00       0.0       0.0      0208
 -121.5545   36.9035 -8.0909e-01 -3.1803e+00  0.0000e+00  0.0000e+00  0.0000e+00  0.0000e+00  0.0000e+00  0.0000e+00  0.0000e+00       0.0       0.0      0209
 -121.5420   37.0078 -9.1053e-01 -3.1705e+00  0.0000e+00  0.0000e+00  0.0000e+00  0.0000e+00  0.0000e+00  0.0000e+00  0.0000e+00       0.0       0.0      0210
 -121.4632   36.9539 -8.6092e-01 -3.1088e+00  0.0000e+00  0.0000e+00  0.0000e+00  0.0000e+00  0.0000e+00  0.0000e+00  0.0000e+00       0.0       0.0      0211
 -121.3545   37.0108 -9.1954e-01 -3.0236e+00  0.0000e+00  0.0000e+00  0.0000e+00  0.0000e+00  0.0000e+00  0.0000e+00  0.0000e+00       0.0       0.0      0212
 -121.0644   36.6116 -5.4157e-01 -2.7964e+00  0.0000e+00  0.0000e+00  0.0000e+00  0.0000e+00  0.0000e+00  0.0000e+00  0.0000e+00       0.0       0.0      0213
 -121.0577   37.1696 -1.0825e+00 -2.7911e+00  0.0000e+00  0.0000e+00  0.0000e+00  0.0000e+00  0.0000e+00  0.0000e+00  0.0000e+00       0.0       0.0      0214
 -121.6048   37.9320 -1.8035e+00 -3.2197e+00  0.0000e+00  0.0000e+00  0.0000e+00  0.0000e+00  0.0000e+00  0.0000e+00  0.0000e+00       0.0       0.0      0215
 -121.4640   37.7553 -1.6371e+00 -3.1094e+00  0.0000e+00  0.0000e+00  0.0000e+00  0.0000e+00  0.0000e+00  0.0000e+00  0.0000e+00       0.0       0.0      0216
 -121.1006   37.4330 -1.3364e+00 -2.8247e+00  0.0000e+00  0.0000e+00  0.0000e+00  0.0000e+00  0.0000e+00  0.0000e+00  0.0000e+00       0.0       0.0      0217
 -121.0608   35.7112 -4.2552e+00 -3.3343e+00  0.0000e+00  0.0000e+00  0.0000e+00  0.0000e+00  0.0000e+00  0.0000e+00  0.0000e+00       0.0       0.0      0218
 -120.3895   35.8411 -4.5262e+00 -2.2485e+00  0.0000e+00  0.0000e+00  0.0000e+00  0.0000e+00  0.0000e+00  0.0000e+00  0.0000e+00       0.0       0.0      0219
 -120.3452   35.8378  1.8986e-01 -2.2327e+00  0.0000e+00  0.0000e+00  0.0000e+00  0.0000e+00  0.0000e+00  0.0000e+00  0.0000e+00       0.0       0.0      0220
 -120.2853   35.8067  2.1866e-01 -2.1857e+00  0.0000e+00  0.0000e+00  0.0000e+00  0.0000e+00  0.0000e+00  0.0000e+00  0.0000e+00       0.0       0.0      0221
 -120.9068   35.9333 -4.6908e+00 -3.0853e+00  0.0000e+00  0.0000e+00  0.0000e+00  0.0000e+00  0.0000e+00  0.0000e+00  0.0000e+00       0.0       0.0      0222
 -120.6978   36.0248 -4.8744e+00 -2.7472e+00  0.0000e+00  0.0000e+00  0.0000e+00  0.0000e+00  0.0000e+00  0.0000e+00  0.0000e+00       0.0       0.0      0223
 -120.8424   35.6971 -4.2349e+00 -2.9811e+00  0.0000e+00  0.0000e+00  0.0000e+00  0.0000e+00  0.0000e+00  0.0000e+00  0.0000e+00       0.0       0.0      0224
 -120.5519   35.9741 -4.7801e+00 -2.5112e+00  0.0000e+00  0.0000e+00  0.0000e+00  0.0000e+00  0.0000e+00  0.0000e+00  0.0000e+00       0.0       0.0      0225
 -120.2770   36.3044 -2.6410e-01 -2.1792e+00  0.0000e+00  0.0000e+00  0.0000e+00  0.0000e+00  0.0000e+00  0.0000e+00  0.0000e+00       0.0       0.0      0226
 -120.7431   36.8063 -7.3922e-01 -2.5446e+00  0.0000e+00  0.0000e+00  0.0000e+00  0.0000e+00  0.0000e+00  0.0000e+00  0.0000e+00       0.0       0.0      0227
 -120.6186   36.6347 -5.7613e-01 -2.4470e+00  0.0000e+00  0.0000e+00  0.0000e+00  0.0000e+00  0.0000e+00  0.0000e+00  0.0000e+00       0.0       0.0      0228
 -120.7053   37.0544 -9.8069e-01 -2.5150e+00  0.0000e+00  0.0000e+00  0.0000e+00  0.0000e+00  0.0000e+00  0.0000e+00  0.0000e+00       0.0       0.0      0229
 -120.3566   36.7390 -6.8364e-01 -2.2416e+00  0.0000e+00  0.0000e+00  0.0000e+00  0.0000e+00  0.0000e+00  0.0000e+00  0.0000e+00       0.0       0.0      0230
 -120.1968   37.3522 -1.2818e+00 -2.1163e+00  0.0000e+00  0.0000e+00  0.0000e+00  0.0000e+00  0.0000e+00  0.0000e+00  0.0000e+00       0.0       0.0      0231
 -120.0579   36.9473 -8.9224e-01 -2.0074e+00  0.0000e+00  0.0000e+00  0.0000e+00  0.0000e+00  0.0000e+00  0.0000e+00  0.0000e+00       0.0       0.0      0232
 -117.3939   34.4624  1.4919e+00  8.3292e-02  0.0000e+00  0.0000e+00  0.0000e+00  0.0000e+00  0.0000e+00  0.0000e+00  0.0000e+00       0.0       0.0      0233
 -117.5409   33.5621 -1.0390e-01  2.3611e+00  0.0000e+00  0.0000e+00  0.0000e+00  0.0000e+00  0.0000e+00  0.0000e+00  0.0000e+00       0.0       0.0      0234
 -117.1047   32.8892  1.2129e+00  3.0667e+00  0.0000e+00  0.0000e+00  0.0000e+00  0.0000e+00  0.0000e+00  0.0000e+00  0.0000e+00       0.0       0.0      0235
 -116.9495   32.7338  1.5190e+00  3.3177e+00  0.0000e+00  0.0000e+00  0.0000e+00  0.0000e+00  0.0000e+00  0.0000e+00  0.0000e+00       0.0       0.0      0236
 -117.2487   33.3552  3.0483e-01  2.8338e+00  0.0000e+00  0.0000e+00  0.0000e+00  0.0000e+00  0.0000e+00  0.0000e+00  0.0000e+00       0.0       0.0      0237
 -117.1897   33.4396  1.4272e-01  2.9292e+00  0.0000e+00  0.0000e+00  0.0000e+00  0.0000e+00  0.0000e+00  0.0000e+00  0.0000e+00       0.0       0.0      0238
 -117.1134   33.5028  2.2309e-02  3.0526e+00  0.0000e+00  0.0000e+00  0.0000e+00  0.0000e+00  0.0000e+00  0.0000e+00  0.0000e+00       0.0       0.0      0239
 -117.0716   33.2357  5.4171e-01  3.1202e+00  0.0000e+00  0.0000e+00  0.0000e+00  0.0000e+00  0.0000e+00  0.0000e+00  0.0000e+00       0.0       0.0      0240
 -116.7829   33.4933  5.1307e-02  3.5871e+00  0.0000e+00  0.0000e+00  0.0000e+00  0.0000e+00  0.0000e+00  0.0000e+00  0.0000e+00       0.0       0.0      0241
 -116.3485   32.9760  1.0710e+00  4.2895e+00  0.0000e+00  0.0000e+00  0.0000e+00  0.0000e+00  0.0000e+00  0.0000e+00  0.0000e+00       0.0       0.0      0242
 -116.6714   33.2402  5.4617e-01  3.7674e+00  0.0000e+00  0.0000e+00  0.0000e+00  0.0000e+00  0.0000e+00  0.0000e+00  0.0000e+00       0.0       0.0      0243
 -116.5693   33.0592  9.0097e-01  3.9325e+00  0.0000e+00  0.0000e+00  0.0000e+00  0.0000e+00  0.0000e+00  0.0000e+00  0.0000e+00       0.0       0.0      0244
 -116.6208   33.3756  2.8540e-01  3.8492e+00  0.0000e+00  0.0000e+00  0.0000e+00  0.0000e+00  0.0000e+00  0.0000e+00  0.0000e+00       0.0       0.0      0245
 -116.3223   33.2602  5.2091e-01  4.3318e+00  0.0000e+00  0.0000e+00  0.0000e+00  0.0000e+00  0.0000e+00  0.0000e+00  0.0000e+00       0.0       0.0      0246
 -116.2268   33.5747 -8.4918e-02  4.4862e+00  0.0000e+00  0.0000e+00  0.0000e+00  0.0000e+00  0.0000e+00  0.0000e+00  0.0000e+00       0.0       0.0      0247
 -115.7321   32.7597  1.5183e+00  5.2857e+00  0.0000e+00  0.0000e+00  0.0000e+00  0.0000e+00  0.0000e+00  0.0000e+00  0.0000e+00       0.0       0.0      0248
 -115.6284   33.0450  9.7054e-01  5.4532e+00  0.0000e+00  0.0000e+00  0.0000e+00  0.0000e+00  0.0000e+00  0.0000e+00  0.0000e+00       0.0       0.0      0249
 -115.5959   32.7506  1.5428e+00  5.5057e+00  0.0000e+00  0.0000e+00  0.0000e+00  0.0000e+00  0.0000e+00  0.0000e+00  0.0000e+00       0.0       0.0      0250
 -115.5770   32.8347  1.3808e+00  5.5363e+00  0.0000e+00  0.0000e+00  0.0000e+00  0.0000e+00  0.0000e+00  0.0000e+00  0.0000e+00       0.0       0.0      0251
 -115.5696   32.8984  1.2578e+00  5.5482e+00  0.0000e+00  0.0000e+00  0.0000e+00  0.0000e+00  0.0000e+00  0.0000e+00  0.0000e+00       0.0       0.0      0252
 -115.4879   32.9796  2.9446e+00  1.5792e+00  0.0000e+00  0.0000e+00  0.0000e+00  0.0000e+00  0.0000e+00  0.0000e+00  0.0000e+00       0.0       0.0      0253
 -115.2999   32.6900  3.2280e+00  1.7267e+00  0.0000e+00  0.0000e+00  0.0000e+00  0.0000e+00  0.0000e+00  0.0000e+00  0.0000e+00       0.0       0.0      0254
 -115.3979   32.8758  3.0465e+00  1.6499e+00  0.0000e+00  0.0000e+00  0.0000e+00  0.0000e+00  0.0000e+00  0.0000e+00  0.0000e+00       0.0       0.0      0255
 -115.4219   32.9825  2.9428e+00  1.6310e+00  0.0000e+00  0.0000e+00  0.0000e+00  0.0000e+00  0.0000e+00  0.0000e+00  0.0000e+00       0.0       0.0      0256
 -115.7658   33.5164  2.4206e+00  1.3612e+00  0.0000e+00  0.0000e+00  0.0000e+00  0.0000e+00  0.0000e+00  0.0000e+00  0.0000e+00       0.0       0.0      0257
 -115.5102   33.0814  2.8457e+00  1.5618e+00  0.0000e+00  0.0000e+00  0.0000e+00  0.0000e+00  0.0000e+00  0.0000e+00  0.0000e+00       0.0       0.0      0258
 -115.6124   33.2000  2.7293e+00  1.4816e+00  0.0000e+00  0.0000e+00  0.0000e+00  0.0000e+00  0.0000e+00  0.0000e+00  0.0000e+00       0.0       0.0      0259
 -115.4287   33.2478  2.6857e+00  1.6257e+00  0.0000e+00  0.0000e+00  0.0000e+00  0.0000e+00  0.0000e+00  0.0000e+00  0.0000e+00       0.0       0.0      0260
 -115.2939   32.8907  3.0338e+00  1.7314e+00  0.0000e+00  0.0000e+00  0.0000e+00  0.0000e+00  0.0000e+00  0.0000e+00  0.0000e+00       0.0       0.0      0261
 -115.3433   33.1436  2.7880e+00  1.6927e+00  0.0000e+00  0.0000e+00  0.0000e+00  0.0000e+00  0.0000e+00  0.0000e+00  0.0000e+00       0.0       0.0      0262
 -115.2961   33.8869  2.0686e+00  1.7297e+00  0.0000e+00  0.0000e+00  0.0000e+00  0.0000e+00  0.0000e+00  0.0000e+00  0.0000e+00       0.0       0.0      0263
 -120.8697   35.6360 -4.1157e+00 -3.0253e+00  0.0000e+00  0.0000e+00  0.0000e+00  0.0000e+00  0.0000e+00  0.0000e+00  0.0000e+00       0.0       0.0      0264
 -120.4804   35.6248 -4.1047e+00 -2.3955e+00  0.0000e+00  0.0000e+00  0.0000e+00  0.0000e+00  0.0000e+00  0.0000e+00  0.0000e+00       0.0       0.0      0265
 -120.2670   35.6338 -4.1269e+00 -2.0503e+00  0.0000e+00  0.0000e+00  0.0000e+00  0.0000e+00  0.0000e+00  0.0000e+00  0.0000e+00       0.0       0.0      0266
 -120.1820   35.7027  3.1724e-01 -2.1047e+00  0.0000e+00  0.0000e+00  0.0000e+00  0.0000e+00  0.0000e+00  0.0000e+00  0.0000e+00       0.0       0.0      0267
 -120.0007   35.6867  3.2900e-01 -1.9625e+00  0.0000e+00  0.0000e+00  0.0000e+00  0.0000e+00  0.0000e+00  0.0000e+00  0.0000e+00       0.0       0.0      0268
 -119.7380   35.7313  2.8077e-01 -1.7565e+00  0.0000e+00  0.0000e+00  0.0000e+00  0.0000e+00  0.0000e+00  0.0000e+00  0.0000e+00       0.0       0.0      0269
 -119.9094   35.9347  8.6700e-02 -1.8909e+00  0.0000e+00  0.0000e+00  0.0000e+00  0.0000e+00  0.0000e+00  0.0000e+00  0.0000e+00       0.0       0.0      0270
 -118.8790   34.8351  1.1377e+00 -1.0825e+00  0.0000e+00  0.0000e+00  0.0000e+00  0.0000e+00  0.0000e+00  0.0000e+00  0.0000e+00       0.0       0.0      0271
 -118.5455   34.7711  1.1967e+00 -8.2071e-01  0.0000e+00  0.0000e+00  0.0000e+00  0.0000e+00  0.0000e+00  0.0000e+00  0.0000e+00       0.0       0.0      0272
 -118.6556   34.9444  1.0295e+00 -9.0713e-01  0.0000e+00  0.0000e+00  0.0000e+00  0.0000e+00  0.0000e+00  0.0000e+00  0.0000e+00       0.0       0.0      0273
 -118.6176   34.8389  1.1315e+00 -8.7730e-01  0.0000e+00  0.0000e+00  0.0000e+00  0.0000e+00  0.0000e+00  0.0000e+00  0.0000e+00       0.0       0.0      0274
 -118.5409   34.8218  1.1474e+00 -8.1710e-01  0.0000e+00  0.0000e+00  0.0000e+00  0.0000e+00  0.0000e+00  0.0000e+00  0.0000e+00       0.0       0.0      0275
 -118.3991   34.6185 -2.1677e+00  9.7244e-01  0.0000e+00  0.0000e+00  0.0000e+00  0.0000e+00  0.0000e+00  0.0000e+00  0.0000e+00       0.0       0.0      0276
 -118.1887   34.9821  9.8954e-01 -5.4064e-01  0.0000e+00  0.0000e+00  0.0000e+00  0.0000e+00  0.0000e+00  0.0000e+00  0.0000e+00       0.0       0.0      0277
 -119.4212   35.4187  5.7871e-01 -1.5079e+00  0.0000e+00  0.0000e+00  0.0000e+00  0.0000e+00  0.0000e+00  0.0000e+00  0.0000e+00       0.0       0.0      0278
 -119.2366   35.7439  2.6058e-01 -1.3631e+00  0.0000e+00  0.0000e+00  0.0000e+00  0.0000e+00  0.0000e+00  0.0000e+00  0.0000e+00       0.0       0.0      0279
 -119.2293   36.3245 -3.0275e-01 -1.3574e+00  0.0000e+00  0.0000e+00  0.0000e+00  0.0000e+00  0.0000e+00  0.0000e+00  0.0000e+00       0.0       0.0      0280
 -118.7536   35.4209  5.6816e-01 -9.8404e-01  0.0000e+00  0.0000e+00  0.0000e+00  0.0000e+00  0.0000e+00  0.0000e+00  0.0000e+00       0.0       0.0      0281
 -118.7667   36.2314 -2.1804e-01 -9.9433e-01  0.0000e+00  0.0000e+00  0.0000e+00  0.0000e+00  0.0000e+00  0.0000e+00  0.0000e+00       0.0       0.0      0282
 -120.9700   35.6697 -4.1778e+00 -3.1875e+00  0.0000e+00  0.0000e+00  0.0000e+00  0.0000e+00  0.0000e+00  0.0000e+00  0.0000e+00       0.0       0.0      0283
 -117.3189   34.3046  1.6450e+00  1.4217e-01  0.0000e+00  0.0000e+00  0.0000e+00  0.0000e+00  0.0000e+00  0.0000e+00  0.0000e+00       0.0       0.0      0284
 -117.7290   34.5097  1.4462e+00 -1.7977e-01  0.0000e+00  0.0000e+00  0.0000e+00  0.0000e+00  0.0000e+00  0.0000e+00  0.0000e+00       0.0       0.0      0285
 -117.5434   34.9870  9.8293e-01 -3.4071e-02  0.0000e+00  0.0000e+00  0.0000e+00  0.0000e+00  0.0000e+00  0.0000e+00  0.0000e+00       0.0       0.0      0286
 -116.9516   33.8926 -7.2888e-01  3.3143e+00  0.0000e+00  0.0000e+00  0.0000e+00  0.0000e+00  0.0000e+00  0.0000e+00  0.0000e+00       0.0       0.0      0287
 -117.2805   34.5348  1.4218e+00  1.7232e-01  0.0000e+00  0.0000e+00  0.0000e+00  0.0000e+00  0.0000e+00  0.0000e+00  0.0000e+00       0.0       0.0      0288
 -117.2676   34.7854  1.1787e+00  1.8244e-01  0.0000e+00  0.0000e+00  0.0000e+00  0.0000e+00  0.0000e+00  0.0000e+00  0.0000e+00       0.0       0.0      0289
 -117.1102   34.6207  1.3389e+00  3.0600e-01  0.0000e+00  0.0000e+00  0.0000e+00  0.0000e+00  0.0000e+00  0.0000e+00  0.0000e+00       0.0       0.0      0290
 -118.0165   35.1524  8.2350e-01 -4.0547e-01  0.0000e+00  0.0000e+00  0.0000e+00  0.0000e+00  0.0000e+00  0.0000e+00  0.0000e+00       0.0       0.0      0291
 -117.3901   35.8967  1.0029e-01  8.6275e-02  0.0000e+00  0.0000e+00  0.0000e+00  0.0000e+00  0.0000e+00  0.0000e+00  0.0000e+00       0.0       0.0      0292
 -117.4028   35.6976  2.9347e-01  7.6306e-02  0.0000e+00  0.0000e+00  0.0000e+00  0.0000e+00  0.0000e+00  0.0000e+00  0.0000e+00       0.0       0.0      0293
 -116.2119   33.8658  2.0768e+00  1.0111e+00  0.0000e+00  0.0000e+00  0.0000e+00  0.0000e+00  0.0000e+00  0.0000e+00  0.0000e+00       0.0       0.0      0294
 -116.8796   34.4621  1.4936e+00  4.8703e-01  0.0000e+00  0.0000e+00  0.0000e+00  0.0000e+00  0.0000e+00  0.0000e+00  0.0000e+00       0.0       0.0      0295
 -117.3155   34.1874 -1.3115e+00  2.7257e+00  0.0000e+00  0.0000e+00  0.0000e+00  0.0000e+00  0.0000e+00  0.0000e+00  0.0000e+00       0.0       0.0      0296
 -116.1039   35.1419  8.4032e-01  1.0959e+00  0.0000e+00  0.0000e+00  0.0000e+00  0.0000e+00  0.0000e+00  0.0000e+00  0.0000e+00       0.0       0.0      0297
 -115.5439   35.4728  5.2678e-01  1.5353e+00  0.0000e+00  0.0000e+00  0.0000e+00  0.0000e+00  0.0000e+00  0.0000e+00  0.0000e+00       0.0       0.0      0298
 -115.3659   35.1630  8.3013e-01  1.6750e+00  0.0000e+00  0.0000e+00  0.0000e+00  0.0000e+00  0.0000e+00  0.0000e+00  0.0000e+00       0.0       0.0      0299
 -114.5994   34.1889  1.7895e+00  2.2761e+00  0.0000e+00  0.0000e+00  0.0000e+00  0.0000e+00  0.0000e+00  0.0000e+00  0.0000e+00       0.0       0.0      0300
 -115.2383   35.2911  7.0811e-01  1.7751e+00  0.0000e+00  0.0000e+00  0.0000e+00  0.0000e+00  0.0000e+00  0.0000e+00  0.0000e+00       0.0       0.0      0301
 -117.9226   34.5082  1.4481e+00 -3.3175e-01  0.0000e+00  0.0000e+00  0.0000e+00  0.0000e+00  0.0000e+00  0.0000e+00  0.0000e+00       0.0       0.0      0302
 -116.6864   36.9018 -8.7231e-01  6.3868e-01  0.0000e+00  0.0000e+00  0.0000e+00  0.0000e+00  0.0000e+00  0.0000e+00  0.0000e+00       0.0       0.0      0303
 -117.6945   34.9254  1.0428e+00 -1.5269e-01  0.0000e+00  0.0000e+00  0.0000e+00  0.0000e+00  0.0000e+00  0.0000e+00  0.0000e+00       0.0       0.0      0304
 -116.4582   33.6122 -1.6725e-01  4.1121e+00  0.0000e+00  0.0000e+00  0.0000e+00  0.0000e+00  0.0000e+00  0.0000e+00  0.0000e+00       0.0       0.0      0305
 -116.4576   33.6121 -1.6703e-01  4.1131e+00  0.0000e+00  0.0000e+00  0.0000e+00  0.0000e+00  0.0000e+00  0.0000e+00  0.0000e+00       0.0       0.0      0306
 -120.5416   35.9452 -4.7243e+00 -2.4945e+00  0.0000e+00  0.0000e+00  0.0000e+00  0.0000e+00  0.0000e+00  0.0000e+00  0.0000e+00       0.0       0.0      0307
 -118.2329   34.0716 -1.1046e+00  1.2414e+00  0.0000e+00  0.0000e+00  0.0000e+00  0.0000e+00  0.0000e+00  0.0000e+00  0.0000e+00       0.0       0.0      0308
 -117.2430   32.6654  1.6432e+00  2.8430e+00  0.0000e+00  0.0000e+00  0.0000e+00  0.0000e+00  0.0000e+00  0.0000e+00  0.0000e+00       0.0       0.0      0309
 -118.1537   33.9026 -7.7568e-01  1.3695e+00  0.0000e+00  0.0000e+00  0.0000e+00  0.0000e+00  0.0000e+00  0.0000e+00  0.0000e+00       0.0       0.0      0310
 -116.8595   33.3572  3.1271e-01  3.4632e+00  0.0000e+00  0.0000e+00  0.0000e+00  0.0000e+00  0.0000e+00  0.0000e+00  0.0000e+00       0.0       0.0      0311
 -119.0569   37.8314 -1.7666e+00 -1.2221e+00  0.0000e+00  0.0000e+00  0.0000e+00  0.0000e+00  0.0000e+00  0.0000e+00  0.0000e+00       0.0       0.0      0312
 -116.1198   36.5796 -5.5463e-01  1.0834e+00  0.0000e+00  0.0000e+00  0.0000e+00  0.0000e+00  0.0000e+00  0.0000e+00  0.0000e+00       0.0       0.0      0313
 -120.4784   35.9199 -4.6768e+00 -2.3923e+00  0.0000e+00  0.0000e+00  0.0000e+00  0.0000e+00  0.0000e+00  0.0000e+00  0.0000e+00       0.0       0.0      0314
 -117.1821   33.8357 -6.2551e-01  2.9415e+00  0.0000e+00  0.0000e+00  0.0000e+00  0.0000e+00  0.0000e+00  0.0000e+00  0.0000e+00       0.0       0.0      0315
 -116.4940   33.8192 -5.7012e-01  4.0543e+00  0.0000e+00  0.0000e+00  0.0000e+00  0.0000e+00  0.0000e+00  0.0000e+00  0.0000e+00       0.0       0.0      0316
 -117.8071   34.0918 -1.1372e+00  1.9304e+00  0.0000e+00  0.0000e+00  0.0000e+00  0.0000e+00  0.0000e+00  0.0000e+00  0.0000e+00       0.0       0.0      0317
 -118.4043   33.7433 -4.6939e-01  9.6403e-01  0.0000e+00  0.0000e+00  0.0000e+00  0.0000e+00  0.0000e+00  0.0000e+00  0.0000e+00       0.0       0.0      0318
 -118.3722   33.7795 -5.3933e-01  1.0160e+00  0.0000e+00  0.0000e+00  0.0000e+00  0.0000e+00  0.0000e+00  0.0000e+00  0.0000e+00       0.0       0.0      0319
 -118.3206   33.7739 -5.2794e-01  1.0995e+00  0.0000e+00  0.0000e+00  0.0000e+00  0.0000e+00  0.0000e+00  0.0000e+00  0.0000e+00       0.0       0.0      0320
 -118.2448   34.6287  1.3327e+00 -5.8468e-01  0.0000e+00  0.0000e+00  0.0000e+00  0.0000e+00  0.0000e+00  0.0000e+00  0.0000e+00       0.0       0.0      0321
 -116.9172   33.0422  9.2185e-01  3.3699e+00  0.0000e+00  0.0000e+00  0.0000e+00  0.0000e+00  0.0000e+00  0.0000e+00  0.0000e+00       0.0       0.0      0322
 -117.6833   35.3387  6.4182e-01 -1.4390e-01  0.0000e+00  0.0000e+00  0.0000e+00  0.0000e+00  0.0000e+00  0.0000e+00  0.0000e+00       0.0       0.0      0323
 -119.7200   34.5000 -1.9365e+00 -1.1652e+00  0.0000e+00  0.0000e+00  0.0000e+00  0.0000e+00  0.0000e+00  0.0000e+00  0.0000e+00       0.0       0.0      0324
 -116.6247   34.6439  1.3188e+00  6.8712e-01  0.0000e+00  0.0000e+00  0.0000e+00  0.0000e+00  0.0000e+00  0.0000e+00  0.0000e+00       0.0       0.0      0325
 -118.8979   37.6771 -1.6190e+00 -1.0973e+00  0.0000e+00  0.0000e+00  0.0000e+00  0.0000e+00  0.0000e+00  0.0000e+00  0.0000e+00       0.0       0.0      0326
 -116.5543   36.7154 -6.9051e-01  7.4238e-01  0.0000e+00  0.0000e+00  0.0000e+00  0.0000e+00  0.0000e+00  0.0000e+00  0.0000e+00       0.0       0.0      0327
 -116.4683   36.8404 -8.1109e-01  8.0988e-01  0.0000e+00  0.0000e+00  0.0000e+00  0.0000e+00  0.0000e+00  0.0000e+00  0.0000e+00       0.0       0.0      0328
 -118.0262   34.0190 -9.9973e-01  1.5759e+00  0.0000e+00  0.0000e+00  0.0000e+00  0.0000e+00  0.0000e+00  0.0000e+00  0.0000e+00       0.0       0.0      0329
 -120.5248   35.9000 -4.6371e+00 -2.4673e+00  0.0000e+00  0.0000e+00  0.0000e+00  0.0000e+00  0.0000e+00  0.0000e+00  0.0000e+00       0.0       0.0      0330
 -116.6098   33.6110 -1.7076e-01  3.8670e+00  0.0000e+00  0.0000e+00  0.0000e+00  0.0000e+00  0.0000e+00  0.0000e+00  0.0000e+00       0.0       0.0      0331
 -118.6764   34.2357 -1.4269e+00  5.2369e-01  0.0000e+00  0.0000e+00  0.0000e+00  0.0000e+00  0.0000e+00  0.0000e+00  0.0000e+00       0.0       0.0      0332
 -117.0855   36.2179 -2.1075e-01  3.2539e-01  0.0000e+00  0.0000e+00  0.0000e+00  0.0000e+00  0.0000e+00  0.0000e+00  0.0000e+00       0.0       0.0      0333
 -118.1929   34.8751  1.0934e+00 -5.4394e-01  0.0000e+00  0.0000e+00  0.0000e+00  0.0000e+00  0.0000e+00  0.0000e+00  0.0000e+00       0.0       0.0      0334
 -119.1844   34.5415 -2.0209e+00 -2.9842e-01  0.0000e+00  0.0000e+00  0.0000e+00  0.0000e+00  0.0000e+00  0.0000e+00  0.0000e+00       0.0       0.0      0335
 -117.3533   34.0891 -1.1218e+00  2.6645e+00  0.0000e+00  0.0000e+00  0.0000e+00  0.0000e+00  0.0000e+00  0.0000e+00  0.0000e+00       0.0       0.0      0336
 -116.6501   36.3163 -3.0399e-01  6.6718e-01  0.0000e+00  0.0000e+00  0.0000e+00  0.0000e+00  0.0000e+00  0.0000e+00  0.0000e+00       0.0       0.0      0337
 -121.5583   37.6665 -1.5480e+00 -3.1833e+00  0.0000e+00  0.0000e+00  0.0000e+00  0.0000e+00  0.0000e+00  0.0000e+00  0.0000e+00       0.0       0.0      0338
 -117.8956   33.7432 -4.6241e-01  1.7872e+00  0.0000e+00  0.0000e+00  0.0000e+00  0.0000e+00  0.0000e+00  0.0000e+00  0.0000e+00       0.0       0.0      0339
 -121.4472   36.7653 -6.2830e+00 -3.9592e+00  0.0000e+00  0.0000e+00  0.0000e+00  0.0000e+00  0.0000e+00  0.0000e+00  0.0000e+00       0.0       0.0      0340
 -118.9532   37.6899 -1.6307e+00 -1.1407e+00  0.0000e+00  0.0000e+00  0.0000e+00  0.0000e+00  0.0000e+00  0.0000e+00  0.0000e+00       0.0       0.0      0341
 -117.6615   33.5530 -8.8874e-02  2.1659e+00  0.0000e+00  0.0000e+00  0.0000e+00  0.0000e+00  0.0000e+00  0.0000e+00  0.0000e+00       0.0       0.0      0342
 -117.3883   34.6074  1.3512e+00  8.7689e-02  0.0000e+00  0.0000e+00  0.0000e+00  0.0000e+00  0.0000e+00  0.0000e+00  0.0000e+00       0.0       0.0      0343
 -118.4879   32.9144  1.1385e+00  8.2874e-01  0.0000e+00  0.0000e+00  0.0000e+00  0.0000e+00  0.0000e+00  0.0000e+00  0.0000e+00       0.0       0.0      0344
 -117.6346   33.4441  1.2300e-01  2.2095e+00  0.0000e+00  0.0000e+00  0.0000e+00  0.0000e+00  0.0000e+00  0.0000e+00  0.0000e+00       0.0       0.0      0345
 -116.2789   34.2550  1.6988e+00  9.5854e-01  0.0000e+00  0.0000e+00  0.0000e+00  0.0000e+00  0.0000e+00  0.0000e+00  0.0000e+00       0.0       0.0      0346
 -118.7545   34.4598 -1.8621e+00  3.9730e-01  0.0000e+00  0.0000e+00  0.0000e+00  0.0000e+00  0.0000e+00  0.0000e+00  0.0000e+00       0.0       0.0      0347
 -117.8617   34.2056 -1.3590e+00  1.8420e+00  0.0000e+00  0.0000e+00  0.0000e+00  0.0000e+00  0.0000e+00  0.0000e+00  0.0000e+00       0.0       0.0      0348
 -118.1090   34.0886 -1.1360e+00  1.4419e+00  0.0000e+00  0.0000e+00  0.0000e+00  0.0000e+00  0.0000e+00  0.0000e+00  0.0000e+00       0.0       0.0      0349
 -116.6957   33.9125 -7.5871e-01  3.7281e+00  0.0000e+00  0.0000e+00  0.0000e+00  0.0000e+00  0.0000e+00  0.0000e+00  0.0000e+00       0.0       0.0      0350
 -116.2990   35.9713  3.3653e-02  9.4276e-01  0.0000e+00  0.0000e+00  0.0000e+00  0.0000e+00  0.0000e+00  0.0000e+00  0.0000e+00       0.0       0.0      0351
 -116.0156   34.6243  1.3434e+00  1.1652e+00  0.0000e+00  0.0000e+00  0.0000e+00  0.0000e+00  0.0000e+00  0.0000e+00  0.0000e+00       0.0       0.0      0352
 -118.2639   34.1029 -1.1657e+00  1.1912e+00  0.0000e+00  0.0000e+00  0.0000e+00  0.0000e+00  0.0000e+00  0.0000e+00  0.0000e+00       0.0       0.0      0353
 -117.2504   32.8647  1.2564e+00  2.8310e+00  0.0000e+00  0.0000e+00  0.0000e+00  0.0000e+00  0.0000e+00  0.0000e+00  0.0000e+00       0.0       0.0      0354
 -117.2497   32.8407  1.3029e+00  2.8321e+00  0.0000e+00  0.0000e+00  0.0000e+00  0.0000e+00  0.0000e+00  0.0000e+00  0.0000e+00       0.0       0.0      0355
 -116.2106   36.7305 -7.0202e-01  1.0121e+00  0.0000e+00  0.0000e+00  0.0000e+00  0.0000e+00  0.0000e+00  0.0000e+00  0.0000e+00       0.0       0.0      0356
 -115.9778   33.2922  4.7407e-01  4.8887e+00  0.0000e+00  0.0000e+00  0.0000e+00  0.0000e+00  0.0000e+00  0.0000e+00  0.0000e+00       0.0       0.0      0357
 -115.5875   36.3196 -2.9529e-01  1.5011e+00  0.0000e+00  0.0000e+00  0.0000e+00  0.0000e+00  0.0000e+00  0.0000e+00  0.0000e+00       0.0       0.0      0358
 -117.9286   33.9273 -8.2021e-01  1.7338e+00  0.0000e+00  0.0000e+00  0.0000e+00  0.0000e+00  0.0000e+00  0.0000e+00  0.0000e+00       0.0       0.0      0359
 -119.5244   33.2479  4.9138e-01 -8.4864e-01  0.0000e+00  0.0000e+00  0.0000e+00  0.0000e+00  0.0000e+00  0.0000e+00  0.0000e+00       0.0       0.0      0360
 -121.9255   37.1664 -1.0507e+00 -3.4707e+00  0.0000e+00  0.0000e+00  0.0000e+00  0.0000e+00  0.0000e+00  0.0000e+00  0.0000e+00       0.0       0.0      0361
 -119.0643   34.3199 -1.5911e+00 -1.0406e-01  0.0000e+00  0.0000e+00  0.0000e+00  0.0000e+00  0.0000e+00  0.0000e+00  0.0000e+00       0.0       0.0      0362
 -118.6462   34.0593 -1.0844e+00  5.7256e-01  0.0000e+00  0.0000e+00  0.0000e+00  0.0000e+00  0.0000e+00  0.0000e+00  0.0000e+00       0.0       0.0      0363
 -117.8488   33.9927 -9.4572e-01  1.8629e+00  0.0000e+00  0.0000e+00  0.0000e+00  0.0000e+00  0.0000e+00  0.0000e+00  0.0000e+00       0.0       0.0      0364
 -120.0652   34.0043 -9.6973e-01 -1.7238e+00  0.0000e+00  0.0000e+00  0.0000e+00  0.0000e+00  0.0000e+00  0.0000e+00  0.0000e+00       0.0       0.0      0365
 -116.3378   36.6446 -6.1996e-01  9.1231e-01  0.0000e+00  0.0000e+00  0.0000e+00  0.0000e+00  0.0000e+00  0.0000e+00  0.0000e+00       0.0       0.0      0366
 -117.6783   34.3818 -1.6973e+00  2.1388e+00  0.0000e+00  0.0000e+00  0.0000e+00  0.0000e+00  0.0000e+00  0.0000e+00  0.0000e+00       0.0       0.0      0367
 -116.5743   36.9316 -9.0042e-01  7.2668e-01  0.0000e+00  0.0000e+00  0.0000e+00  0.0000e+00  0.0000e+00  0.0000e+00  0.0000e+00       0.0       0.0      0368
 -120.3603   35.9174  1.1302e-01 -2.2445e+00  0.0000e+00  0.0000e+00  0.0000e+00  0.0000e+00  0.0000e+00  0.0000e+00  0.0000e+00       0.0       0.0      0369
 -121.9355   37.3515 -1.2296e+00 -3.4786e+00  0.0000e+00  0.0000e+00  0.0000e+00  0.0000e+00  0.0000e+00  0.0000e+00  0.0000e+00       0.0       0.0      0370
 -118.4146   35.1582  8.2012e-01 -7.1796e-01  0.0000e+00  0.0000e+00  0.0000e+00  0.0000e+00  0.0000e+00  0.0000e+00  0.0000e+00       0.0       0.0      0371
 -118.8629   37.6189 -1.5629e+00 -1.0698e+00  0.0000e+00  0.0000e+00  0.0000e+00  0.0000e+00  0.0000e+00  0.0000e+00  0.0000e+00       0.0       0.0      0372
 -116.2297   36.9348 -9.0041e-01  9.9715e-01  0.0000e+00  0.0000e+00  0.0000e+00  0.0000e+00  0.0000e+00  0.0000e+00  0.0000e+00       0.0       0.0      0373
 -120.1326   34.4835 -1.8983e+00 -1.8328e+00  0.0000e+00  0.0000e+00  0.0000e+00  0.0000e+00  0.0000e+00  0.0000e+00  0.0000e+00       0.0       0.0      0374
 -116.1605   33.6412 -2.1096e-01  4.5934e+00  0.0000e+00  0.0000e+00  0.0000e+00  0.0000e+00  0.0000e+00  0.0000e+00  0.0000e+00       0.0       0.0      0375
 -118.3306   33.7978 -5.7442e-01  1.0833e+00  0.0000e+00  0.0000e+00  0.0000e+00  0.0000e+00  0.0000e+00  0.0000e+00  0.0000e+00       0.0       0.0      0376
 -118.8367   34.2480 -1.4514e+00  2.6427e-01  0.0000e+00  0.0000e+00  0.0000e+00  0.0000e+00  0.0000e+00  0.0000e+00  0.0000e+00       0.0       0.0      0377
 -117.8034   33.6179 -2.1762e-01  1.9364e+00  0.0000e+00  0.0000e+00  0.0000e+00  0.0000e+00  0.0000e+00  0.0000e+00  0.0000e+00       0.0       0.0      0378
 -116.5305   34.8386  1.1306e+00  7.6106e-01  0.0000e+00  0.0000e+00  0.0000e+00  0.0000e+00  0.0000e+00  0.0000e+00  0.0000e+00       0.0       0.0      0379
 -117.7255   33.9725 -9.0416e-01  2.0624e+00  0.0000e+00  0.0000e+00  0.0000e+00  0.0000e+00  0.0000e+00  0.0000e+00  0.0000e+00       0.0       0.0      0380
 -118.4419   34.0691 -1.1020e+00  9.0318e-01  0.0000e+00  0.0000e+00  0.0000e+00  0.0000e+00  0.0000e+00  0.0000e+00  0.0000e+00       0.0       0.0      0381
 -119.8438   34.4133 -1.7667e+00 -1.3655e+00  0.0000e+00  0.0000e+00  0.0000e+00  0.0000e+00  0.0000e+00  0.0000e+00  0.0000e+00       0.0       0.0      0382
 -118.2851   34.0239 -1.0127e+00  1.1569e+00  0.0000e+00  0.0000e+00  0.0000e+00  0.0000e+00  0.0000e+00  0.0000e+00  0.0000e+00       0.0       0.0      0383
 -116.0853   33.0301  9.7732e-01  4.7149e+00  0.0000e+00  0.0000e+00  0.0000e+00  0.0000e+00  0.0000e+00  0.0000e+00  0.0000e+00       0.0       0.0      0384
 -120.6611   35.3118 -3.4931e+00 -2.6878e+00  0.0000e+00  0.0000e+00  0.0000e+00  0.0000e+00  0.0000e+00  0.0000e+00  0.0000e+00       0.0       0.0      0385
 -120.5635   34.8266 -2.5546e+00 -2.5300e+00  0.0000e+00  0.0000e+00  0.0000e+00  0.0000e+00  0.0000e+00  0.0000e+00  0.0000e+00       0.0       0.0      0386
 -119.4839   34.8515 -2.6207e+00 -7.8310e-01  0.0000e+00  0.0000e+00  0.0000e+00  0.0000e+00  0.0000e+00  0.0000e+00  0.0000e+00       0.0       0.0      0387
 -118.2200   34.1786 -1.3121e+00  1.2623e+00  0.0000e+00  0.0000e+00  0.0000e+00  0.0000e+00  0.0000e+00  0.0000e+00  0.0000e+00       0.0       0.0      0388
 -118.5144   34.1264 -1.2138e+00  7.8585e-01  0.0000e+00  0.0000e+00  0.0000e+00  0.0000e+00  0.0000e+00  0.0000e+00  0.0000e+00       0.0       0.0      0389
 -119.2377   34.2758 -1.5051e+00 -3.8468e-01  0.0000e+00  0.0000e+00  0.0000e+00  0.0000e+00  0.0000e+00  0.0000e+00  0.0000e+00       0.0       0.0      0390
 -118.4845   34.2932 -1.5372e+00  8.3424e-01  0.0000e+00  0.0000e+00  0.0000e+00  0.0000e+00  0.0000e+00  0.0000e+00  0.0000e+00       0.0       0.0      0391
 -120.6164   34.5563 -2.0289e+00 -2.6155e+00  0.0000e+00  0.0000e+00  0.0000e+00  0.0000e+00  0.0000e+00  0.0000e+00  0.0000e+00       0.0       0.0      0392
 -118.1212   34.5015 -1.9374e+00  1.4221e+00  0.0000e+00  0.0000e+00  0.0000e+00  0.0000e+00  0.0000e+00  0.0000e+00  0.0000e+00       0.0       0.0      0393
 -118.2938   33.7126 -4.0869e-01  1.1428e+00  0.0000e+00  0.0000e+00  0.0000e+00  0.0000e+00  0.0000e+00  0.0000e+00  0.0000e+00       0.0       0.0      0394
 -117.9920   34.0309 -1.0223e+00  1.6312e+00  0.0000e+00  0.0000e+00  0.0000e+00  0.0000e+00  0.0000e+00  0.0000e+00  0.0000e+00       0.0       0.0      0395
 -118.6539   37.6643 -1.6092e+00 -9.0579e-01  0.0000e+00  0.0000e+00  0.0000e+00  0.0000e+00  0.0000e+00  0.0000e+00  0.0000e+00       0.0       0.0      0396
 -117.9111   34.0619 -1.0811e+00  1.7621e+00  0.0000e+00  0.0000e+00  0.0000e+00  0.0000e+00  0.0000e+00  0.0000e+00  0.0000e+00       0.0       0.0      0397
 -118.9837   35.0108  9.6848e-01 -1.1646e+00  0.0000e+00  0.0000e+00  0.0000e+00  0.0000e+00  0.0000e+00  0.0000e+00  0.0000e+00       0.0       0.0      0398
 -118.0312   33.9799 -9.2393e-01  1.5678e+00  0.0000e+00  0.0000e+00  0.0000e+00  0.0000e+00  0.0000e+00  0.0000e+00  0.0000e+00       0.0       0.0      0399
 -117.6435   33.6745 -3.2425e-01  2.1951e+00  0.0000e+00  0.0000e+00  0.0000e+00  0.0000e+00  0.0000e+00  0.0000e+00  0.0000e+00       0.0       0.0      0400
 -116.3918   33.9348  2.0082e+00  8.6992e-01  0.0000e+00  0.0000e+00  0.0000e+00  0.0000e+00  0.0000e+00  0.0000e+00  0.0000e+00       0.0       0.0      0401
 -118.7415   34.5685 -2.0730e+00  4.1834e-01  0.0000e+00  0.0000e+00  0.0000e+00  0.0000e+00  0.0000e+00  0.0000e+00  0.0000e+00       0.0       0.0      0402
 -118.0559   34.2261 -1.4020e+00  1.5278e+00  0.0000e+00  0.0000e+00  0.0000e+00  0.0000e+00  0.0000e+00  0.0000e+00  0.0000e+00       0.0       0.0      0403
 -118.4143   34.2594 -1.4710e+00  9.4784e-01  0.0000e+00  0.0000e+00  0.0000e+00  0.0000e+00  0.0000e+00  0.0000e+00  0.0000e+00       0.0       0.0      0404
 -118.0593   34.0432 -1.0472e+00  1.5223e+00  0.0000e+00  0.0000e+00  0.0000e+00  0.0000e+00  0.0000e+00  0.0000e+00  0.0000e+00       0.0       0.0      0405
 -116.9317   34.6690  1.2927e+00  4.4613e-01  0.0000e+00  0.0000e+00  0.0000e+00  0.0000e+00  0.0000e+00  0.0000e+00  0.0000e+00       0.0       0.0      0406
 -118.4276   33.9582 -8.8664e-01  9.2632e-01  0.0000e+00  0.0000e+00  0.0000e+00  0.0000e+00  0.0000e+00  0.0000e+00  0.0000e+00       0.0       0.0      0407
 -116.6539   33.9553 -8.4019e-01  3.7957e+00  0.0000e+00  0.0000e+00  0.0000e+00  0.0000e+00  0.0000e+00  0.0000e+00  0.0000e+00       0.0       0.0      0408
