       lon       lat          ve          vn          vu          se          sn          su         ren         reu         rnu     start    finish      name
 -117.0932   34.1164 -1.1134e+00  3.0749e+00 -8.4292e-03  5.0000e-02  5.0000e-02  5.0000e-02  0.0000e+00  0.0000e+00  0.0000e+00       0.0       0.0      0001
 -116.4294   34.5943  1.4435e+00  8.7182e-01  1.6225e-02  5.0000e-02  5.0000e-02  5.0000e-02  0.0000e+00  0.0000e+00  0.0000e+00       0.0       0.0      0002
 -115.1585   37.3580 -1.3109e+00  1.7248e+00  8.3958e-03  5.0000e-02  5.0000e-02  5.0000e-02  0.0000e+00  0.0000e+00  0.0000e+00       0.0       0.0      0003
 -118.6948   34.8245  1.1211e+00 -1.0014e+00  7.0390e-02  5.0000e-02  5.0000e-02  5.0000e-02  0.0000e+00  0.0000e+00  0.0000e+00       0.0       0.0      0004
 -119.3635   34.0150 -1.0586e+00 -5.7984e-01 -6.7341e-02  5.0000e-02  5.0000e-02  5.0000e-02  0.0000e+00  0.0000e+00  0.0000e+00       0.0       0.0      0005
 -118.8303   34.1574 -1.2736e+00  2.3816e-01  5.1930e-02  5.0000e-02  5.0000e-02  5.0000e-02  0.0000e+00  0.0000e+00  0.0000e+00       0.0       0.0      0006
 -114.9318   36.3191 -3.2425e-01  2.0723e+00 -1.6608e-02  5.0000e-02  5.0000e-02  5.0000e-02  0.0000e+00  0.0000e+00  0.0000e+00       0.0       0.0      0007
 -117.5219   36.0500 -5.1829e-02 -6.8521e-02 -2.3175e-02  5.0000e-02  5.0000e-02  5.0000e-02  0.0000e+00  0.0000e+00  0.0000e+00       0.0       0.0      0008
 -118.9104   35.2013  7.8819e-01 -1.0922e+00  6.1791e-02  5.0000e-02  5.0000e-02  5.0000e-02  0.0000e+00  0.0000e+00  0.0000e+00       0.0       0.0      0009
 -117.1540   34.4683  1.3933e+00  2.8588e-01  2.6898e-02  5.0000e-02  5.0000e-02  5.0000e-02  0.0000e+00  0.0000e+00  0.0000e+00       0.0       0.0      0010
 -116.6297   33.5401 -1.2886e-02  3.7313e+00  7.8344e-02  5.0000e-02  5.0000e-02  5.0000e-02  0.0000e+00  0.0000e+00  0.0000e+00       0.0       0.0      0011
 -117.8965   34.1260 -1.1752e+00  1.8402e+00  3.7981e-02  5.0000e-02  5.0000e-02  5.0000e-02  0.0000e+00  0.0000e+00  0.0000e+00       0.0       0.0      0012
 -118.9014   37.7834 -1.6904e+00 -1.0041e+00 -4.9329e-02  5.0000e-02  5.0000e-02  5.0000e-02  0.0000e+00  0.0000e+00  0.0000e+00       0.0       0.0      0013
 -119.0297   33.4804  6.5412e-02 -9.6989e-02 -4.9606e-02  5.0000e-02  5.0000e-02  5.0000e-02  0.0000e+00  0.0000e+00  0.0000e+00       0.0       0.0      0014
 -119.9815   34.5822 -2.1122e+00 -1.6380e+00  6.0230e-02  5.0000e-02  5.0000e-02  5.0000e-02  0.0000e+00  0.0000e+00  0.0000e+00       0.0       0.0      0015
 -116.8842   34.2643  1.6107e+00  4.7266e-01  1.2862e-02  5.0000e-02  5.0000e-02  5.0000e-02  0.0000e+00  0.0000e+00  0.0000e+00       0.0       0.0      0016
 -119.4058   34.9205 -2.7788e+00 -6.3615e-01  8.2749e-02  5.0000e-02  5.0000e-02  5.0000e-02  0.0000e+00  0.0000e+00  0.0000e+00       0.0       0.0      0017
 -116.6211   37.0399 -9.8949e-01  7.0779e-01 -3.2967e-03  5.0000e-02  5.0000e-02  5.0000e-02  0.0000e+00  0.0000e+00  0.0000e+00       0.0       0.0      0018
 -115.9982   34.0005  1.9973e+00  1.2452e+00  2.2591e-02  5.0000e-02  5.0000e-02  5.0000e-02  0.0000e+00  0.0000e+00  0.0000e+00       0.0       0.0      0019
 -118.0741   35.8784  9.7633e-02 -5.3068e-01 -6.2670e-02  5.0000e-02  5.0000e-02  5.0000e-02  0.0000e+00  0.0000e+00  0.0000e+00       0.0       0.0      0020
 -118.1597   33.9671 -9.3055e-01  1.2968e+00  3.3717e-02  5.0000e-02  5.0000e-02  5.0000e-02  0.0000e+00  0.0000e+00  0.0000e+00       0.0       0.0      0021
 -117.0646   33.5782 -1.0988e-01  3.1009e+00 -1.0278e-02  5.0000e-02  5.0000e-02  5.0000e-02  0.0000e+00  0.0000e+00  0.0000e+00       0.0       0.0      0022
 -116.0804   35.2870  6.6282e-01  1.1638e+00 -5.3695e-02  5.0000e-02  5.0000e-02  5.0000e-02  0.0000e+00  0.0000e+00  0.0000e+00       0.0       0.0      0023
 -118.0947   33.9623 -9.1257e-01  1.3340e+00 -2.6661e-03  5.0000e-02  5.0000e-02  5.0000e-02  0.0000e+00  0.0000e+00  0.0000e+00       0.0       0.0      0024
 -119.1095   35.1324  8.1343e-01 -1.3488e+00 -7.8922e-03  5.0000e-02  5.0000e-02  5.0000e-02  0.0000e+00  0.0000e+00  0.0000e+00       0.0       0.0      0025
 -118.0287   33.7995 -5.7961e-01  1.5700e+00 -2.4285e-02  5.0000e-02  5.0000e-02  5.0000e-02  0.0000e+00  0.0000e+00  0.0000e+00       0.0       0.0      0026
 -114.7148   33.6104  2.4043e+00  2.1719e+00 -1.5628e-02  5.0000e-02  5.0000e-02  5.0000e-02  0.0000e+00  0.0000e+00  0.0000e+00       0.0       0.0      0027
 -116.0530   34.2514  1.7647e+00  1.1000e+00 -5.0543e-02  5.0000e-02  5.0000e-02  5.0000e-02  0.0000e+00  0.0000e+00  0.0000e+00       0.0       0.0      0028
 -116.9847   33.9627 -8.2867e-01  3.2840e+00  2.6125e-02  5.0000e-02  5.0000e-02  5.0000e-02  0.0000e+00  0.0000e+00  0.0000e+00       0.0       0.0      0029
 -118.2770   34.1849 -1.2903e+00  1.1840e+00  4.7444e-02  5.0000e-02  5.0000e-02  5.0000e-02  0.0000e+00  0.0000e+00  0.0000e+00       0.0       0.0      0030
 -118.5768   34.6823 -2.3514e+00  6.9906e-01  5.9975e-02  5.0000e-02  5.0000e-02  5.0000e-02  0.0000e+00  0.0000e+00  0.0000e+00       0.0       0.0      0031
 -117.0120   34.9186  9.7469e-01  3.4563e-01  8.9214e-03  5.0000e-02  5.0000e-02  5.0000e-02  0.0000e+00  0.0000e+00  0.0000e+00       0.0       0.0      0032
 -118.1882   34.2928 -1.5226e+00  1.3085e+00 -3.0752e-02  5.0000e-02  5.0000e-02  5.0000e-02  0.0000e+00  0.0000e+00  0.0000e+00       0.0       0.0      0033
 -116.8717   36.9176 -9.1890e-01  5.1618e-01  7.0055e-02  5.0000e-02  5.0000e-02  5.0000e-02  0.0000e+00  0.0000e+00  0.0000e+00       0.0       0.0      0034
 -116.4509   36.7453 -7.2302e-01  7.8291e-01  2.2481e-02  5.0000e-02  5.0000e-02  5.0000e-02  0.0000e+00  0.0000e+00  0.0000e+00       0.0       0.0      0035
 -119.3475   35.1573  8.5983e-01 -1.4200e+00 -5.2429e-03  5.0000e-02  5.0000e-02  5.0000e-02  0.0000e+00  0.0000e+00  0.0000e+00       0.0       0.0      0036
 -115.9899   33.6551  2.3259e+00  1.0974e+00  1.9381e-02  5.0000e-02  5.0000e-02  5.0000e-02  0.0000e+00  0.0000e+00  0.0000e+00       0.0       0.0      0037
 -120.4337   35.9394  1.0086e-01 -2.2301e+00 -3.7717e-02  5.0000e-02  5.0000e-02  5.0000e-02  0.0000e+00  0.0000e+00  0.0000e+00       0.0       0.0      0038
 -120.4308   35.8884 -4.6185e+00 -2.2313e+00 -4.5209e-02  5.0000e-02  5.0000e-02  5.0000e-02  0.0000e+00  0.0000e+00  0.0000e+00       0.0       0.0      0039
 -118.8967   37.6446 -1.5589e+00 -1.0537e+00  2.9877e-03  5.0000e-02  5.0000e-02  5.0000e-02  0.0000e+00  0.0000e+00  0.0000e+00       0.0       0.0      0040
 -118.4830   33.4458  1.8764e-01  9.1115e-01 -1.2419e-02  5.0000e-02  5.0000e-02  5.0000e-02  0.0000e+00  0.0000e+00  0.0000e+00       0.0       0.0      0041
 -118.3338   33.3116  4.2957e-01  1.1041e+00 -1.0528e-01  5.0000e-02  5.0000e-02  5.0000e-02  0.0000e+00  0.0000e+00  0.0000e+00       0.0       0.0      0042
 -118.6298   34.1386 -1.2640e+00  5.8337e-01  1.6871e-02  5.0000e-02  5.0000e-02  5.0000e-02  0.0000e+00  0.0000e+00  0.0000e+00       0.0       0.0      0043
 -117.6712   35.5653  4.1990e-01 -2.0824e-01 -7.3881e-02  5.0000e-02  5.0000e-02  5.0000e-02  0.0000e+00  0.0000e+00  0.0000e+00       0.0       0.0      0044
 -118.2112   33.8763 -7.7938e-01  1.2813e+00  3.6903e-02  5.0000e-02  5.0000e-02  5.0000e-02  0.0000e+00  0.0000e+00  0.0000e+00       0.0       0.0      0045
 -117.8649   33.8627 -6.5791e-01  1.9113e+00 -5.4520e-02  5.0000e-02  5.0000e-02  5.0000e-02  0.0000e+00  0.0000e+00  0.0000e+00       0.0       0.0      0046
 -119.0135   34.8064 -2.5302e+00 -1.1469e-02 -8.9339e-02  5.0000e-02  5.0000e-02  5.0000e-02  0.0000e+00  0.0000e+00  0.0000e+00       0.0       0.0      0047
 -116.3359   34.8295  1.0917e+00  9.3268e-01  8.1956e-02  5.0000e-02  5.0000e-02  5.0000e-02  0.0000e+00  0.0000e+00  0.0000e+00       0.0       0.0      0048
 -117.9649   34.2440 -1.4509e+00  1.6337e+00  2.9346e-02  5.0000e-02  5.0000e-02  5.0000e-02  0.0000e+00  0.0000e+00  0.0000e+00       0.0       0.0      0049
 -118.0260   34.3334 -1.6162e+00  1.5956e+00  2.7284e-02  5.0000e-02  5.0000e-02  5.0000e-02  0.0000e+00  0.0000e+00  0.0000e+00       0.0       0.0      0050
 -116.7655   36.7465 -6.9406e-01  5.7200e-01  3.3648e-02  5.0000e-02  5.0000e-02  5.0000e-02  0.0000e+00  0.0000e+00  0.0000e+00       0.0       0.0      0051
 -117.8277   34.6405  1.4032e+00 -2.1319e-01  7.1077e-02  5.0000e-02  5.0000e-02  5.0000e-02  0.0000e+00  0.0000e+00  0.0000e+00       0.0       0.0      0052
 -118.9373   34.1096 -1.1492e+00  9.3730e-02 -5.4012e-02  5.0000e-02  5.0000e-02  5.0000e-02  0.0000e+00  0.0000e+00  0.0000e+00       0.0       0.0      0053
 -118.1273   34.1367 -1.3462e+00  1.4966e+00  8.3622e-02  5.0000e-02  5.0000e-02  5.0000e-02  0.0000e+00  0.0000e+00  0.0000e+00       0.0       0.0      0054
 -117.4794   34.3138 -1.5670e+00  2.3800e+00 -4.3456e-02  5.0000e-02  5.0000e-02  5.0000e-02  0.0000e+00  0.0000e+00  0.0000e+00       0.0       0.0      0055
 -117.7088   34.1099 -1.0974e+00  2.0074e+00  6.2847e-02  5.0000e-02  5.0000e-02  5.0000e-02  0.0000e+00  0.0000e+00  0.0000e+00       0.0       0.0      0056
 -118.4114   34.3532 -1.6325e+00  9.6803e-01  2.4123e-02  5.0000e-02  5.0000e-02  5.0000e-02  0.0000e+00  0.0000e+00  0.0000e+00       0.0       0.0      0057
 -121.2785   37.8964 -1.7400e+00 -3.0057e+00 -9.1993e-02  5.0000e-02  5.0000e-02  5.0000e-02  0.0000e+00  0.0000e+00  0.0000e+00       0.0       0.0      0058
 -117.6089   33.8576 -7.5471e-01  2.2134e+00  7.5924e-03  5.0000e-02  5.0000e-02  5.0000e-02  0.0000e+00  0.0000e+00  0.0000e+00       0.0       0.0      0059
 -119.8795   34.4149 -1.7738e+00 -1.4310e+00  7.7663e-02  5.0000e-02  5.0000e-02  5.0000e-02  0.0000e+00  0.0000e+00  0.0000e+00       0.0       0.0      0060
 -117.8089   35.9823 -3.3025e-02 -2.1017e-01  7.0879e-02  5.0000e-02  5.0000e-02  5.0000e-02  0.0000e+00  0.0000e+00  0.0000e+00       0.0       0.0      0061
 -116.3869   33.7325 -3.7738e-01  4.2733e+00  7.1973e-02  5.0000e-02  5.0000e-02  5.0000e-02  0.0000e+00  0.0000e+00  0.0000e+00       0.0       0.0      0062
 -117.5730   35.0717  8.3044e-01 -3.6759e-02  3.5278e-02  5.0000e-02  5.0000e-02  5.0000e-02  0.0000e+00  0.0000e+00  0.0000e+00       0.0       0.0      0063
 -116.5693   36.8077 -7.5565e-01  7.1399e-01  1.7596e-02  5.0000e-02  5.0000e-02  5.0000e-02  0.0000e+00  0.0000e+00  0.0000e+00       0.0       0.0      0064
 -120.7508   35.7916 -4.3550e+00 -2.7495e+00  4.9587e-02  5.0000e-02  5.0000e-02  5.0000e-02  0.0000e+00  0.0000e+00  0.0000e+00       0.0       0.0      0065
 -117.0997   34.0391 -1.0226e+00  2.9767e+00 -7.4421e-02  5.0000e-02  5.0000e-02  5.0000e-02  0.0000e+00  0.0000e+00  0.0000e+00       0.0       0.0      0066
 -118.2728   33.8235 -5.6035e-01  1.1727e+00 -7.2331e-02  5.0000e-02  5.0000e-02  5.0000e-02  0.0000e+00  0.0000e+00  0.0000e+00       0.0       0.0      0067
 -115.7350   33.0698  9.1282e-01  5.1738e+00 -2.5390e-02  5.0000e-02  5.0000e-02  5.0000e-02  0.0000e+00  0.0000e+00  0.0000e+00       0.0       0.0      0068
 -119.7848   34.0293 -1.0476e+00 -1.2845e+00 -4.9892e-03  5.0000e-02  5.0000e-02  5.0000e-02  0.0000e+00  0.0000e+00  0.0000e+00       0.0       0.0      0069
 -119.0390   34.1684 -1.1944e+00 -5.2355e-02 -2.9010e-02  5.0000e-02  5.0000e-02  5.0000e-02  0.0000e+00  0.0000e+00  0.0000e+00       0.0       0.0      0070
 -118.2567   33.8615 -6.5098e-01  1.1146e+00 -3.4173e-03  5.0000e-02  5.0000e-02  5.0000e-02  0.0000e+00  0.0000e+00  0.0000e+00       0.0       0.0      0071
 -118.5238   34.2535 -1.4014e+00  8.4916e-01 -6.7559e-02  5.0000e-02  5.0000e-02  5.0000e-02  0.0000e+00  0.0000e+00  0.0000e+00       0.0       0.0      0072
 -119.3712   34.4081 -1.6241e+00 -6.2933e-01 -5.0956e-02  5.0000e-02  5.0000e-02  5.0000e-02  0.0000e+00  0.0000e+00  0.0000e+00       0.0       0.0      0073
 -118.6132   34.5165 -1.9497e+00  5.7862e-01 -9.5268e-02  5.0000e-02  5.0000e-02  5.0000e-02  0.0000e+00  0.0000e+00  0.0000e+00       0.0       0.0      0074
 -116.3704   34.1241  1.8212e+00  8.5462e-01  7.7328e-03  5.0000e-02  5.0000e-02  5.0000e-02  0.0000e+00  0.0000e+00  0.0000e+00       0.0       0.0      0075
 -119.6739   34.9426 -2.7934e+00 -1.1064e+00  2.7622e-02  5.0000e-02  5.0000e-02  5.0000e-02  0.0000e+00  0.0000e+00  0.0000e+00       0.0       0.0      0076
 -117.9017   34.0820 -1.0946e+00  1.8640e+00 -3.4645e-02  5.0000e-02  5.0000e-02  5.0000e-02  0.0000e+00  0.0000e+00  0.0000e+00       0.0       0.0      0077
 -118.3969   34.3348 -1.5561e+00  9.1177e-01 -9.3205e-02  5.0000e-02  5.0000e-02  5.0000e-02  0.0000e+00  0.0000e+00  0.0000e+00       0.0       0.0      0078
 -118.9812   37.7442 -1.6792e+00 -1.1334e+00 -2.3602e-02  5.0000e-02  5.0000e-02  5.0000e-02  0.0000e+00  0.0000e+00  0.0000e+00       0.0       0.0      0079
 -115.7880   33.3898  3.0165e-01  5.2016e+00  1.1901e-01  5.0000e-02  5.0000e-02  5.0000e-02  0.0000e+00  0.0000e+00  0.0000e+00       0.0       0.0      0080
 -121.9156   37.8786 -1.7218e+00 -3.4845e+00 -5.6634e-02  5.0000e-02  5.0000e-02  5.0000e-02  0.0000e+00  0.0000e+00  0.0000e+00       0.0       0.0      0081
 -118.3485   34.0239 -9.7817e-01  1.0718e+00  5.3663e-02  5.0000e-02  5.0000e-02  5.0000e-02  0.0000e+00  0.0000e+00  0.0000e+00       0.0       0.0      0082
 -117.2495   33.0365  9.4794e-01  2.8671e+00  6.7648e-02  5.0000e-02  5.0000e-02  5.0000e-02  0.0000e+00  0.0000e+00  0.0000e+00       0.0       0.0      0083
 -116.7121   33.7333 -4.4793e-01  3.6828e+00 -1.1159e-02  5.0000e-02  5.0000e-02  5.0000e-02  0.0000e+00  0.0000e+00  0.0000e+00       0.0       0.0      0084
 -117.8601   34.4134 -1.6975e+00  1.8319e+00  1.8190e-02  5.0000e-02  5.0000e-02  5.0000e-02  0.0000e+00  0.0000e+00  0.0000e+00       0.0       0.0      0085
 -118.0393   37.7428 -1.7208e+00 -3.9266e-01 -2.5753e-02  5.0000e-02  5.0000e-02  5.0000e-02  0.0000e+00  0.0000e+00  0.0000e+00       0.0       0.0      0086
 -118.1260   33.9380 -8.8021e-01  1.3999e+00 -8.8301e-03  5.0000e-02  5.0000e-02  5.0000e-02  0.0000e+00  0.0000e+00  0.0000e+00       0.0       0.0      0087
 -118.3290   33.8868 -6.9067e-01  1.0458e+00  7.1158e-02  5.0000e-02  5.0000e-02  5.0000e-02  0.0000e+00  0.0000e+00  0.0000e+00       0.0       0.0      0088
 -117.4117   33.6477 -2.7769e-01  2.4851e+00 -1.5753e-02  5.0000e-02  5.0000e-02  5.0000e-02  0.0000e+00  0.0000e+00  0.0000e+00       0.0       0.0      0089
 -114.2642   37.9155 -1.7662e+00  2.4866e+00  4.8587e-03  5.0000e-02  5.0000e-02  5.0000e-02  0.0000e+00  0.0000e+00  0.0000e+00       0.0       0.0      0090
 -118.8304   34.9462  1.0310e+00 -1.0500e+00 -4.2927e-02  5.0000e-02  5.0000e-02  5.0000e-02  0.0000e+00  0.0000e+00  0.0000e+00       0.0       0.0      0091
 -118.2084   34.0297 -9.7235e-01  1.3146e+00 -7.6229e-02  5.0000e-02  5.0000e-02  5.0000e-02  0.0000e+00  0.0000e+00  0.0000e+00       0.0       0.0      0092
 -117.5256   34.1042 -1.2720e+00  2.4423e+00  1.8044e-03  5.0000e-02  5.0000e-02  5.0000e-02  0.0000e+00  0.0000e+00  0.0000e+00       0.0       0.0      0093
 -120.0094   34.7330 -2.3322e+00 -1.5985e+00 -2.3910e-02  5.0000e-02  5.0000e-02  5.0000e-02  0.0000e+00  0.0000e+00  0.0000e+00       0.0       0.0      0094
 -118.8941   34.4099 -1.7621e+00  1.6136e-01  1.3890e-02  5.0000e-02  5.0000e-02  5.0000e-02  0.0000e+00  0.0000e+00  0.0000e+00       0.0       0.0      0095
 -118.8840   34.3563 -1.6138e+00  2.9976e-01  5.1813e-02  5.0000e-02  5.0000e-02  5.0000e-02  0.0000e+00  0.0000e+00  0.0000e+00       0.0       0.0      0096
 -117.9357   33.6623 -1.8035e-01  1.7409e+00  2.9151e-02  5.0000e-02  5.0000e-02  5.0000e-02  0.0000e+00  0.0000e+00  0.0000e+00       0.0       0.0      0097
 -118.3595   34.0806 -1.0672e+00  1.0959e+00  6.4476e-03  5.0000e-02  5.0000e-02  5.0000e-02  0.0000e+00  0.0000e+00  0.0000e+00       0.0       0.0      0098
 -118.8934   34.8002 -2.5171e+00  1.8444e-01  3.8123e-02  5.0000e-02  5.0000e-02  5.0000e-02  0.0000e+00  0.0000e+00  0.0000e+00       0.0       0.0      0099
 -119.8637   35.1894 -3.3259e+00 -1.4185e+00 -3.2433e-02  5.0000e-02  5.0000e-02  5.0000e-02  0.0000e+00  0.0000e+00  0.0000e+00       0.0       0.0      0100
 -117.3979   34.2039 -1.4259e+00  2.5654e+00  5.8214e-02  5.0000e-02  5.0000e-02  5.0000e-02  0.0000e+00  0.0000e+00  0.0000e+00       0.0       0.0      0101
 -115.5214   33.2748  2.5780e+00  1.5928e+00  8.9434e-02  5.0000e-02  5.0000e-02  5.0000e-02  0.0000e+00  0.0000e+00  0.0000e+00       0.0       0.0      0102
 -114.8273   33.0511  2.8513e+00  2.0328e+00  7.5542e-02  5.0000e-02  5.0000e-02  5.0000e-02  0.0000e+00  0.0000e+00  0.0000e+00       0.0       0.0      0103
 -115.6602   34.7840  1.2614e+00  1.4218e+00  1.1876e-02  5.0000e-02  5.0000e-02  5.0000e-02  0.0000e+00  0.0000e+00  0.0000e+00       0.0       0.0      0104
 -114.1894   34.3086  1.7274e+00  2.6342e+00  9.1265e-03  5.0000e-02  5.0000e-02  5.0000e-02  0.0000e+00  0.0000e+00  0.0000e+00       0.0       0.0      0105
 -116.8892   35.4252  5.5986e-01  5.0224e-01 -5.0720e-02  5.0000e-02  5.0000e-02  5.0000e-02  0.0000e+00  0.0000e+00  0.0000e+00       0.0       0.0      0106
 -118.1129   34.0474 -1.0795e+00  1.4940e+00 -5.3217e-05  5.0000e-02  5.0000e-02  5.0000e-02  0.0000e+00  0.0000e+00  0.0000e+00       0.0       0.0      0107
 -120.6821   34.4694 -1.9264e+00 -2.8529e+00 -4.7618e-02  5.0000e-02  5.0000e-02  5.0000e-02  0.0000e+00  0.0000e+00  0.0000e+00       0.0       0.0      0108
 -118.2858   33.7836 -5.6477e-01  1.1880e+00 -2.4944e-02  5.0000e-02  5.0000e-02  5.0000e-02  0.0000e+00  0.0000e+00  0.0000e+00       0.0       0.0      0109
 -116.4301   34.7548  1.2620e+00  7.6815e-01  8.4000e-03  5.0000e-02  5.0000e-02  5.0000e-02  0.0000e+00  0.0000e+00  0.0000e+00       0.0       0.0      0110
 -117.7995   34.7599  1.3252e+00 -2.9849e-01  2.5540e-02  5.0000e-02  5.0000e-02  5.0000e-02  0.0000e+00  0.0000e+00  0.0000e+00       0.0       0.0      0111
 -115.6353   33.7050  2.1995e+00  1.4357e+00 -7.0428e-02  5.0000e-02  5.0000e-02  5.0000e-02  0.0000e+00  0.0000e+00  0.0000e+00       0.0       0.0      0112
 -120.4795   35.8667 -4.5844e+00 -2.3210e+00  7.1174e-02  5.0000e-02  5.0000e-02  5.0000e-02  0.0000e+00  0.0000e+00  0.0000e+00       0.0       0.0      0113
 -117.8452   34.4582 -1.8020e+00  1.8150e+00 -6.7383e-02  5.0000e-02  5.0000e-02  5.0000e-02  0.0000e+00  0.0000e+00  0.0000e+00       0.0       0.0      0114
 -118.1682   33.9245 -8.5113e-01  1.3400e+00  2.4585e-02  5.0000e-02  5.0000e-02  5.0000e-02  0.0000e+00  0.0000e+00  0.0000e+00       0.0       0.0      0115
 -118.8212   37.6586 -1.6225e+00 -9.6589e-01 -3.5723e-02  5.0000e-02  5.0000e-02  5.0000e-02  0.0000e+00  0.0000e+00  0.0000e+00       0.0       0.0      0116
 -120.4024   35.8808  6.5462e-02 -2.2590e+00  3.5590e-03  5.0000e-02  5.0000e-02  5.0000e-02  0.0000e+00  0.0000e+00  0.0000e+00       0.0       0.0      0117
 -119.1875   34.4412 -1.7763e+00 -3.3025e-01 -9.3630e-03  5.0000e-02  5.0000e-02  5.0000e-02  0.0000e+00  0.0000e+00  0.0000e+00       0.0       0.0      0118
 -115.9114   34.7273  1.3194e+00  1.1893e+00  4.5975e-02  5.0000e-02  5.0000e-02  5.0000e-02  0.0000e+00  0.0000e+00  0.0000e+00       0.0       0.0      0119
 -115.0318   32.7062  3.2912e+00  1.9145e+00  4.9003e-03  5.0000e-02  5.0000e-02  5.0000e-02  0.0000e+00  0.0000e+00  0.0000e+00       0.0       0.0      0120
 -115.1451   34.1576  1.7713e+00  1.7813e+00  1.0369e-01  5.0000e-02  5.0000e-02  5.0000e-02  0.0000e+00  0.0000e+00  0.0000e+00       0.0       0.0      0121
 -118.4743   35.6623  3.1952e-01 -7.6706e-01  1.3476e-02  5.0000e-02  5.0000e-02  5.0000e-02  0.0000e+00  0.0000e+00  0.0000e+00       0.0       0.0      0122
 -115.5068   32.8294  3.1855e+00  1.5464e+00 -2.4917e-02  5.0000e-02  5.0000e-02  5.0000e-02  0.0000e+00  0.0000e+00  0.0000e+00       0.0       0.0      0123
 -119.0847   37.7717 -1.7479e+00 -1.2120e+00  8.1536e-02  5.0000e-02  5.0000e-02  5.0000e-02  0.0000e+00  0.0000e+00  0.0000e+00       0.0       0.0      0124
 -116.0990   36.4588 -4.3198e-01  1.0561e+00 -5.3238e-02  5.0000e-02  5.0000e-02  5.0000e-02  0.0000e+00  0.0000e+00  0.0000e+00       0.0       0.0      0125
 -118.1732   34.2048 -1.3471e+00  1.4030e+00  4.5019e-02  5.0000e-02  5.0000e-02  5.0000e-02  0.0000e+00  0.0000e+00  0.0000e+00       0.0       0.0      0126
 -119.0082   34.3985 -1.7185e+00  9.5158e-03  4.7949e-02  5.0000e-02  5.0000e-02  5.0000e-02  0.0000e+00  0.0000e+00  0.0000e+00       0.0       0.0      0127
 -118.9792   37.6591 -1.5550e+00 -1.1701e+00  1.7944e-02  5.0000e-02  5.0000e-02  5.0000e-02  0.0000e+00  0.0000e+00  0.0000e+00       0.0       0.0      0128
 -118.8805   37.7133 -1.7024e+00 -1.2174e+00  3.4759e-02  5.0000e-02  5.0000e-02  5.0000e-02  0.0000e+00  0.0000e+00  0.0000e+00       0.0       0.0      0129
 -116.1734   33.9254  2.0153e+00  1.0097e+00 -6.7353e-02  5.0000e-02  5.0000e-02  5.0000e-02  0.0000e+00  0.0000e+00  0.0000e+00       0.0       0.0      0130
 -120.4733   35.8998 -4.6337e+00 -2.3692e+00 -7.0057e-02  5.0000e-02  5.0000e-02  5.0000e-02  0.0000e+00  0.0000e+00  0.0000e+00       0.0       0.0      0131
 -118.5746   34.1819 -1.3572e+00  7.6667e-01 -3.6195e-02  5.0000e-02  5.0000e-02  5.0000e-02  0.0000e+00  0.0000e+00  0.0000e+00       0.0       0.0      0132
 -118.3065   33.9279 -8.3063e-01  1.1716e+00  3.6603e-02  5.0000e-02  5.0000e-02  5.0000e-02  0.0000e+00  0.0000e+00  0.0000e+00       0.0       0.0      0133
 -118.1372   33.8321 -6.4848e-01  1.3100e+00 -1.0450e-01  5.0000e-02  5.0000e-02  5.0000e-02  0.0000e+00  0.0000e+00  0.0000e+00       0.0       0.0      0134
 -118.1732   33.7916 -4.8767e-01  1.3392e+00 -8.7146e-04  5.0000e-02  5.0000e-02  5.0000e-02  0.0000e+00  0.0000e+00  0.0000e+00       0.0       0.0      0135
 -118.2033   33.7878 -5.2553e-01  1.2782e+00  5.6132e-02  5.0000e-02  5.0000e-02  5.0000e-02  0.0000e+00  0.0000e+00  0.0000e+00       0.0       0.0      0136
 -116.4328   34.2673  1.6322e+00  8.6212e-01  8.6127e-04  5.0000e-02  5.0000e-02  5.0000e-02  0.0000e+00  0.0000e+00  0.0000e+00       0.0       0.0      0137
 -116.2091   34.6994  1.2035e+00  9.8665e-01  1.9503e-02  5.0000e-02  5.0000e-02  5.0000e-02  0.0000e+00  0.0000e+00  0.0000e+00       0.0       0.0      0138
 -118.3218   34.1346 -1.2458e+00  1.1271e+00 -5.9353e-02  5.0000e-02  5.0000e-02  5.0000e-02  0.0000e+00  0.0000e+00  0.0000e+00       0.0       0.0      0139
 -118.4128   34.0951 -1.1425e+00  8.8638e-01 -3.6361e-02  5.0000e-02  5.0000e-02  5.0000e-02  0.0000e+00  0.0000e+00  0.0000e+00       0.0       0.0      0140
 -119.0173   37.6372 -1.5751e+00 -1.1236e+00  2.0792e-02  5.0000e-02  5.0000e-02  5.0000e-02  0.0000e+00  0.0000e+00  0.0000e+00       0.0       0.0      0141
 -118.1392   34.6620  1.3165e+00 -4.6376e-01 -2.2360e-02  5.0000e-02  5.0000e-02  5.0000e-02  0.0000e+00  0.0000e+00  0.0000e+00       0.0       0.0      0142
 -116.3082   36.7459 -7.7381e-01  9.3698e-01  7.7038e-02  5.0000e-02  5.0000e-02  5.0000e-02  0.0000e+00  0.0000e+00  0.0000e+00       0.0       0.0      0143
 -118.8677   34.8075 -2.5033e+00  2.6522e-01  3.1294e-03  5.0000e-02  5.0000e-02  5.0000e-02  0.0000e+00  0.0000e+00  0.0000e+00       0.0       0.0      0144
 -117.8350   34.4855  1.5048e+00 -1.8086e-01 -3.3578e-02  5.0000e-02  5.0000e-02  5.0000e-02  0.0000e+00  0.0000e+00  0.0000e+00       0.0       0.0      0145
 -117.8379   34.5860  1.3092e+00 -2.5896e-01  7.2011e-02  5.0000e-02  5.0000e-02  5.0000e-02  0.0000e+00  0.0000e+00  0.0000e+00       0.0       0.0      0146
 -119.0579   36.3600 -3.7794e-01 -1.2172e+00 -9.7773e-02  5.0000e-02  5.0000e-02  5.0000e-02  0.0000e+00  0.0000e+00  0.0000e+00       0.0       0.0      0147
 -116.9397   35.0902  8.6581e-01  3.7732e-01  4.2235e-02  5.0000e-02  5.0000e-02  5.0000e-02  0.0000e+00  0.0000e+00  0.0000e+00       0.0       0.0      0148
 -118.0034   34.1119 -1.2099e+00  1.6531e+00 -4.5019e-02  5.0000e-02  5.0000e-02  5.0000e-02  0.0000e+00  0.0000e+00  0.0000e+00       0.0       0.0      0149
 -117.7541   34.1333 -1.1804e+00  2.0841e+00  5.6370e-02  5.0000e-02  5.0000e-02  5.0000e-02  0.0000e+00  0.0000e+00  0.0000e+00       0.0       0.0      0150
 -120.5943   35.8287 -4.5682e+00 -2.5399e+00  8.8966e-03  5.0000e-02  5.0000e-02  5.0000e-02  0.0000e+00  0.0000e+00  0.0000e+00       0.0       0.0      0151
 -117.9567   34.0268 -1.0551e+00  1.7029e+00  7.9093e-02  5.0000e-02  5.0000e-02  5.0000e-02  0.0000e+00  0.0000e+00  0.0000e+00       0.0       0.0      0152
 -121.8652   37.2869 -1.1893e+00 -3.4623e+00 -6.6320e-03  5.0000e-02  5.0000e-02  5.0000e-02  0.0000e+00  0.0000e+00  0.0000e+00       0.0       0.0      0153
 -119.1037   34.7336 -2.4610e+00 -1.2589e-01  3.2309e-02  5.0000e-02  5.0000e-02  5.0000e-02  0.0000e+00  0.0000e+00  0.0000e+00       0.0       0.0      0154
 -115.1913   36.1595 -1.8427e-01  1.8177e+00  4.7259e-02  5.0000e-02  5.0000e-02  5.0000e-02  0.0000e+00  0.0000e+00  0.0000e+00       0.0       0.0      0155
 -120.4431   35.8326 -4.5383e+00 -2.3116e+00  1.2064e-02  5.0000e-02  5.0000e-02  5.0000e-02  0.0000e+00  0.0000e+00  0.0000e+00       0.0       0.0      0156
 -117.4367   33.8568 -7.6548e-01  2.4850e+00 -6.5103e-03  5.0000e-02  5.0000e-02  5.0000e-02  0.0000e+00  0.0000e+00  0.0000e+00       0.0       0.0      0157
 -115.9790   36.6325 -7.0149e-01  1.0940e+00  4.3274e-02  5.0000e-02  5.0000e-02  5.0000e-02  0.0000e+00  0.0000e+00  0.0000e+00       0.0       0.0      0158
 -121.6426   37.3415 -1.3206e+00 -3.2525e+00 -8.0245e-03  5.0000e-02  5.0000e-02  5.0000e-02  0.0000e+00  0.0000e+00  0.0000e+00       0.0       0.0      0159
 -118.2441   33.9391 -7.6634e-01  1.2755e+00  2.5819e-02  5.0000e-02  5.0000e-02  5.0000e-02  0.0000e+00  0.0000e+00  0.0000e+00       0.0       0.0      0160
 -120.4588   35.9219 -4.6588e+00 -2.3942e+00  3.4240e-02  5.0000e-02  5.0000e-02  5.0000e-02  0.0000e+00  0.0000e+00  0.0000e+00       0.0       0.0      0161
 -120.3514   34.0383 -1.0229e+00 -2.2126e+00  7.6722e-02  5.0000e-02  5.0000e-02  5.0000e-02  0.0000e+00  0.0000e+00  0.0000e+00       0.0       0.0      0162
 -119.0609   37.6538 -1.6196e+00 -1.2597e+00  3.5349e-02  5.0000e-02  5.0000e-02  5.0000e-02  0.0000e+00  0.0000e+00  0.0000e+00       0.0       0.0      0163
 -117.5505   33.7145 -3.1597e-01  2.3651e+00 -8.9573e-02  5.0000e-02  5.0000e-02  5.0000e-02  0.0000e+00  0.0000e+00  0.0000e+00       0.0       0.0      0164
 -117.3180   33.9184 -7.4164e-01  2.7594e+00 -1.1526e-01  5.0000e-02  5.0000e-02  5.0000e-02  0.0000e+00  0.0000e+00  0.0000e+00       0.0       0.0      0165
 -120.4341   35.9695  2.4681e-02 -2.3001e+00 -3.4121e-02  5.0000e-02  5.0000e-02  5.0000e-02  0.0000e+00  0.0000e+00  0.0000e+00       0.0       0.0      0166
 -121.8669   37.4853 -1.3414e+00 -3.3698e+00  4.6802e-02  5.0000e-02  5.0000e-02  5.0000e-02  0.0000e+00  0.0000e+00  0.0000e+00       0.0       0.0      0167
 -116.4223   32.8919  1.2390e+00  4.1664e+00 -4.6900e-02  5.0000e-02  5.0000e-02  5.0000e-02  0.0000e+00  0.0000e+00  0.0000e+00       0.0       0.0      0168
 -118.8780   34.2955 -1.4963e+00  1.2014e-01 -7.2275e-02  5.0000e-02  5.0000e-02  5.0000e-02  0.0000e+00  0.0000e+00  0.0000e+00       0.0       0.0      0169
 -117.8817   34.1752 -1.2250e+00  1.8598e+00 -4.5230e-02  5.0000e-02  5.0000e-02  5.0000e-02  0.0000e+00  0.0000e+00  0.0000e+00       0.0       0.0      0170
 -117.2101   34.2308  1.6804e+00  2.2231e-01 -5.2533e-02  5.0000e-02  5.0000e-02  5.0000e-02  0.0000e+00  0.0000e+00  0.0000e+00       0.0       0.0      0171
 -118.2455   34.0552 -1.0795e+00  1.2062e+00 -5.6795e-02  5.0000e-02  5.0000e-02  5.0000e-02  0.0000e+00  0.0000e+00  0.0000e+00       0.0       0.0      0172
 -119.3093   37.1699 -1.1303e+00 -1.3993e+00  1.1572e-01  5.0000e-02  5.0000e-02  5.0000e-02  0.0000e+00  0.0000e+00  0.0000e+00       0.0       0.0      0173
 -119.0960   34.2616 -1.4432e+00 -1.7491e-01 -8.8243e-02  5.0000e-02  5.0000e-02  5.0000e-02  0.0000e+00  0.0000e+00  0.0000e+00       0.0       0.0      0174
 -116.5253   33.2109  6.1003e-01  4.0280e+00  4.0493e-02  5.0000e-02  5.0000e-02  5.0000e-02  0.0000e+00  0.0000e+00  0.0000e+00       0.0       0.0      0175
 -118.9447   37.6405 -1.6615e+00 -1.1029e+00 -3.7658e-02  5.0000e-02  5.0000e-02  5.0000e-02  0.0000e+00  0.0000e+00  0.0000e+00       0.0       0.0      0176
 -116.1482   34.5086  1.4913e+00  1.1119e+00 -7.4101e-03  5.0000e-02  5.0000e-02  5.0000e-02  0.0000e+00  0.0000e+00  0.0000e+00       0.0       0.0      0177
 -114.6186   34.7677  1.2474e+00  2.3209e+00  2.3670e-02  5.0000e-02  5.0000e-02  5.0000e-02  0.0000e+00  0.0000e+00  0.0000e+00       0.0       0.0      0178
 -119.1413   34.4987 -1.9221e+00 -2.5838e-01 -5.7132e-02  5.0000e-02  5.0000e-02  5.0000e-02  0.0000e+00  0.0000e+00  0.0000e+00       0.0       0.0      0179
 -117.5696   33.9197 -8.2428e-01  2.3019e+00 -7.8473e-02  5.0000e-02  5.0000e-02  5.0000e-02  0.0000e+00  0.0000e+00  0.0000e+00       0.0       0.0      0180
 -118.3480   33.9797 -9.7716e-01  1.0341e+00  1.2123e-02  5.0000e-02  5.0000e-02  5.0000e-02  0.0000e+00  0.0000e+00  0.0000e+00       0.0       0.0      0181
 -116.9727   32.5793  1.8450e+00  3.3632e+00  3.1350e-02  5.0000e-02  5.0000e-02  5.0000e-02  0.0000e+00  0.0000e+00  0.0000e+00       0.0       0.0      0182
 -116.0677   34.1410  1.8041e+00  1.0965e+00 -3.9519e-02  5.0000e-02  5.0000e-02  5.0000e-02  0.0000e+00  0.0000e+00  0.0000e+00       0.0       0.0      0183
 -118.6014   34.3299 -1.5918e+00  6.7396e-01 -3.1784e-02  5.0000e-02  5.0000e-02  5.0000e-02  0.0000e+00  0.0000e+00  0.0000e+00       0.0       0.0      0184
 -117.7441   33.7659 -4.8998e-01  1.9727e+00 -5.0650e-02  5.0000e-02  5.0000e-02  5.0000e-02  0.0000e+00  0.0000e+00  0.0000e+00       0.0       0.0      0185
 -117.0418   33.1306  7.2787e-01  3.2879e+00  6.3371e-04  5.0000e-02  5.0000e-02  5.0000e-02  0.0000e+00  0.0000e+00  0.0000e+00       0.0       0.0      0186
 -115.9181   34.3699  1.5633e+00  1.2278e+00 -7.0758e-02  5.0000e-02  5.0000e-02  5.0000e-02  0.0000e+00  0.0000e+00  0.0000e+00       0.0       0.0      0187
 -116.3055   34.4277  1.4999e+00  9.7010e-01  2.1487e-02  5.0000e-02  5.0000e-02  5.0000e-02  0.0000e+00  0.0000e+00  0.0000e+00       0.0       0.0      0188
 -116.0834   34.3671  1.5252e+00  1.1189e+00 -5.0763e-02  5.0000e-02  5.0000e-02  5.0000e-02  0.0000e+00  0.0000e+00  0.0000e+00       0.0       0.0      0189
 -116.1495   34.4301  1.6149e+00  1.0729e+00 -2.7456e-02  5.0000e-02  5.0000e-02  5.0000e-02  0.0000e+00  0.0000e+00  0.0000e+00       0.0       0.0      0190
 -116.2923   34.5330  1.3594e+00  9.3626e-01  4.8224e-02  5.0000e-02  5.0000e-02  5.0000e-02  0.0000e+00  0.0000e+00  0.0000e+00       0.0       0.0      0191
 -120.2786   34.7391 -2.3880e+00 -2.1150e+00 -1.4776e-02  5.0000e-02  5.0000e-02  5.0000e-02  0.0000e+00  0.0000e+00  0.0000e+00       0.0       0.0      0192
 -116.8151   34.6749  1.2870e+00  5.8561e-01  4.8692e-02  5.0000e-02  5.0000e-02  5.0000e-02  0.0000e+00  0.0000e+00  0.0000e+00       0.0       0.0      0193
 -119.1419   34.3274 -1.5674e+00 -9.6952e-02 -1.2999e-02  5.0000e-02  5.0000e-02  5.0000e-02  0.0000e+00  0.0000e+00  0.0000e+00       0.0       0.0      0194
 -118.2073   34.1288 -1.2993e+00  1.2694e+00  6.1508e-02  5.0000e-02  5.0000e-02  5.0000e-02  0.0000e+00  0.0000e+00  0.0000e+00       0.0       0.0      0195
 -119.3534   34.6834 -2.2472e+00 -6.0112e-01  1.7316e-02  5.0000e-02  5.0000e-02  5.0000e-02  0.0000e+00  0.0000e+00  0.0000e+00       0.0       0.0      0196
 -114.0050   32.7225  3.2510e+00  2.8446e+00  9.3093e-03  5.0000e-02  5.0000e-02  5.0000e-02  0.0000e+00  0.0000e+00  0.0000e+00       0.0       0.0      0197
 -119.0629   36.0274  2.9520e-02 -1.2698e+00 -1.9931e-02  5.0000e-02  5.0000e-02  5.0000e-02  0.0000e+00  0.0000e+00  0.0000e+00       0.0       0.0      0198
 -116.1698   32.6165  1.7443e+00  4.5398e+00 -6.7452e-02  5.0000e-02  5.0000e-02  5.0000e-02  0.0000e+00  0.0000e+00  0.0000e+00       0.0       0.0      0199
 -121.0030   35.5517 -3.8621e+00 -3.2103e+00  6.6971e-02  5.0000e-02  5.0000e-02  5.0000e-02  0.0000e+00  0.0000e+00  0.0000e+00       0.0       0.0      0200
 -121.7925   36.4855 -5.7540e+00 -4.5367e+00  5.6288e-03  5.0000e-02  5.0000e-02  5.0000e-02  0.0000e+00  0.0000e+00  0.0000e+00       0.0       0.0      0201
 -121.7318   36.8161 -6.3948e+00 -4.3241e+00  2.3461e-02  5.0000e-02  5.0000e-02  5.0000e-02  0.0000e+00  0.0000e+00  0.0000e+00       0.0       0.0      0202
 -121.9908   37.2017 -1.1207e+00 -3.5547e+00 -6.3601e-02  5.0000e-02  5.0000e-02  5.0000e-02  0.0000e+00  0.0000e+00  0.0000e+00       0.0       0.0      0203
 -121.6506   37.1045 -1.0108e+00 -3.2838e+00  4.5841e-02  5.0000e-02  5.0000e-02  5.0000e-02  0.0000e+00  0.0000e+00  0.0000e+00       0.0       0.0      0204
 -121.7140   37.2035 -1.0691e+00 -3.2831e+00  5.8528e-02  5.0000e-02  5.0000e-02  5.0000e-02  0.0000e+00  0.0000e+00  0.0000e+00       0.0       0.0      0205
 -121.6869   37.6018 -1.4917e+00 -3.2912e+00 -4.4032e-02  5.0000e-02  5.0000e-02  5.0000e-02  0.0000e+00  0.0000e+00  0.0000e+00       0.0       0.0      0206
 -121.9780   37.7494 -1.5130e+00 -3.5452e+00  5.8994e-02  5.0000e-02  5.0000e-02  5.0000e-02  0.0000e+00  0.0000e+00  0.0000e+00       0.0       0.0      0207
 -121.7864   37.8190 -1.6791e+00 -3.4140e+00  3.2028e-02  5.0000e-02  5.0000e-02  5.0000e-02  0.0000e+00  0.0000e+00  0.0000e+00       0.0       0.0      0208
 -121.5545   36.9035 -8.9609e-01 -3.2227e+00  6.5257e-02  5.0000e-02  5.0000e-02  5.0000e-02  0.0000e+00  0.0000e+00  0.0000e+00       0.0       0.0      0209
 -121.5420   37.0078 -8.5070e-01 -3.2396e+00  5.0990e-02  5.0000e-02  5.0000e-02  5.0000e-02  0.0000e+00  0.0000e+00  0.0000e+00       0.0       0.0      0210
 -121.4632   36.9539 -7.8964e-01 -3.2349e+00  5.7554e-03  5.0000e-02  5.0000e-02  5.0000e-02  0.0000e+00  0.0000e+00  0.0000e+00       0.0       0.0      0211
 -121.3545   37.0108 -9.4120e-01 -3.0460e+00  2.1321e-03  5.0000e-02  5.0000e-02  5.0000e-02  0.0000e+00  0.0000e+00  0.0000e+00       0.0       0.0      0212
 -121.0644   36.6116 -5.2980e-01 -2.8472e+00 -8.9491e-03  5.0000e-02  5.0000e-02  5.0000e-02  0.0000e+00  0.0000e+00  0.0000e+00       0.0       0.0      0213
 -121.0577   37.1696 -1.0907e+00 -2.8373e+00  9.7749e-03  5.0000e-02  5.0000e-02  5.0000e-02  0.0000e+00  0.0000e+00  0.0000e+00       0.0       0.0      0214
 -121.6048   37.9320 -1.7102e+00 -3.1970e+00  9.6797e-02  5.0000e-02  5.0000e-02  5.0000e-02  0.0000e+00  0.0000e+00  0.0000e+00       0.0       0.0      0215
 -121.4640   37.7553 -1.7182e+00 -3.1874e+00 -5.9505e-02  5.0000e-02  5.0000e-02  5.0000e-02  0.0000e+00  0.0000e+00  0.0000e+00       0.0       0.0      0216
 -121.1006   37.4330 -1.3351e+00 -2.7841e+00 -5.8302e-02  5.0000e-02  5.0000e-02  5.0000e-02  0.0000e+00  0.0000e+00  0.0000e+00       0.0       0.0      0217
 -121.0608   35.7112 -4.2346e+00 -3.2804e+00 -6.1060e-03  5.0000e-02  5.0000e-02  5.0000e-02  0.0000e+00  0.0000e+00  0.0000e+00       0.0       0.0      0218
 -120.3895   35.8411 -4.5851e+00 -2.2185e+00 -6.7024e-03  5.0000e-02  5.0000e-02  5.0000e-02  0.0000e+00  0.0000e+00  0.0000e+00       0.0       0.0      0219
 -120.3452   35.8378  1.7867e-01 -2.2131e+00 -1.6508e-02  5.0000e-02  5.0000e-02  5.0000e-02  0.0000e+00  0.0000e+00  0.0000e+00       0.0       0.0      0220
 -120.2853   35.8067  1.7494e-01 -2.2205e+00 -6.4221e-02  5.0000e-02  5.0000e-02  5.0000e-02  0.0000e+00  0.0000e+00  0.0000e+00       0.0       0.0      0221
 -120.9068   35.9333 -4.7364e+00 -3.0915e+00 -4.1495e-02  5.0000e-02  5.0000e-02  5.0000e-02  0.0000e+00  0.0000e+00  0.0000e+00       0.0       0.0      0222
 -120.6978   36.0248 -4.8656e+00 -2.7869e+00 -2.6626e-02  5.0000e-02  5.0000e-02  5.0000e-02  0.0000e+00  0.0000e+00  0.0000e+00       0.0       0.0      0223
 -120.8424   35.6971 -4.2335e+00 -2.9528e+00  8.0801e-02  5.0000e-02  5.0000e-02  5.0000e-02  0.0000e+00  0.0000e+00  0.0000e+00       0.0       0.0      0224
 -120.5519   35.9741 -4.7997e+00 -2.4613e+00  2.9559e-02  5.0000e-02  5.0000e-02  5.0000e-02  0.0000e+00  0.0000e+00  0.0000e+00       0.0       0.0      0225
 -120.2770   36.3044 -3.1234e-01 -2.2497e+00 -1.5889e-02  5.0000e-02  5.0000e-02  5.0000e-02  0.0000e+00  0.0000e+00  0.0000e+00       0.0       0.0      0226
 -120.7431   36.8063 -8.1978e-01 -2.5359e+00 -1.7584e-02  5.0000e-02  5.0000e-02  5.0000e-02  0.0000e+00  0.0000e+00  0.0000e+00       0.0       0.0      0227
 -120.6186   36.6347 -6.2310e-01 -2.4475e+00 -1.1987e-03  5.0000e-02  5.0000e-02  5.0000e-02  0.0000e+00  0.0000e+00  0.0000e+00       0.0       0.0      0228
 -120.7053   37.0544 -1.0279e+00 -2.4883e+00 -3.6217e-02  5.0000e-02  5.0000e-02  5.0000e-02  0.0000e+00  0.0000e+00  0.0000e+00       0.0       0.0      0229
 -120.3566   36.7390 -6.7650e-01 -2.1842e+00  1.7405e-02  5.0000e-02  5.0000e-02  5.0000e-02  0.0000e+00  0.0000e+00  0.0000e+00       0.0       0.0      0230
 -120.1968   37.3522 -1.2589e+00 -2.1505e+00 -2.0564e-02  5.0000e-02  5.0000e-02  5.0000e-02  0.0000e+00  0.0000e+00  0.0000e+00       0.0       0.0      0231
 -120.0579   36.9473 -9.2782e-01 -2.0020e+00  5.1026e-03  5.0000e-02  5.0000e-02  5.0000e-02  0.0000e+00  0.0000e+00  0.0000e+00       0.0       0.0      0232
 -117.3939   34.4624  1.4709e+00  1.1635e-01 -7.0460e-02  5.0000e-02  5.0000e-02  5.0000e-02  0.0000e+00  0.0000e+00  0.0000e+00       0.0       0.0      0233
 -117.5409   33.5621 -8.0787e-02  2.2581e+00  2.6178e-02  5.0000e-02  5.0000e-02  5.0000e-02  0.0000e+00  0.0000e+00  0.0000e+00       0.0       0.0      0234
 -117.1047   32.8892  1.1510e+00  3.0459e+00 -6.5742e-02  5.0000e-02  5.0000e-02  5.0000e-02  0.0000e+00  0.0000e+00  0.0000e+00       0.0       0.0      0235
 -116.9495   32.7338  1.5080e+00  3.3569e+00  4.7506e-02  5.0000e-02  5.0000e-02  5.0000e-02  0.0000e+00  0.0000e+00  0.0000e+00       0.0       0.0      0236
 -117.2487   33.3552  3.5419e-01  2.8007e+00 -1.4693e-02  5.0000e-02  5.0000e-02  5.0000e-02  0.0000e+00  0.0000e+00  0.0000e+00       0.0       0.0      0237
 -117.1897   33.4396  1.0963e-01  2.9851e+00  3.2509e-02  5.0000e-02  5.0000e-02  5.0000e-02  0.0000e+00  0.0000e+00  0.0000e+00       0.0       0.0      0238
 -117.1134   33.5028  1.4158e-02  3.0199e+00  4.2203e-03  5.0000e-02  5.0000e-02  5.0000e-02  0.0000e+00  0.0000e+00  0.0000e+00       0.0       0.0      0239
 -117.0716   33.2357  6.0145e-01  2.9708e+00 -1.8621e-02  5.0000e-02  5.0000e-02  5.0000e-02  0.0000e+00  0.0000e+00  0.0000e+00       0.0       0.0      0240
 -116.7829   33.4933  1.8207e-02  3.6565e+00  5.3775e-02  5.0000e-02  5.0000e-02  5.0000e-02  0.0000e+00  0.0000e+00  0.0000e+00       0.0       0.0      0241
 -116.3485   32.9760  1.0468e+00  4.3040e+00 -1.4485e-02  5.0000e-02  5.0000e-02  5.0000e-02  0.0000e+00  0.0000e+00  0.0000e+00       0.0       0.0      0242
 -116.6714   33.2402  4.2041e-01  3.8027e+00 -1.8692e-02  5.0000e-02  5.0000e-02  5.0000e-02  0.0000e+00  0.0000e+00  0.0000e+00       0.0       0.0      0243
 -116.5693   33.0592  8.4147e-01  3.9604e+00 -1.5424e-02  5.0000e-02  5.0000e-02  5.0000e-02  0.0000e+00  0.0000e+00  0.0000e+00       0.0       0.0      0244
 -116.6208   33.3756  1.5655e-01  3.9648e+00  7.3019e-02  5.0000e-02  5.0000e-02  5.0000e-02  0.0000e+00  0.0000e+00  0.0000e+00       0.0       0.0      0245
 -116.3223   33.2602  5.3335e-01  4.2968e+00  4.5589e-02  5.0000e-02  5.0000e-02  5.0000e-02  0.0000e+00  0.0000e+00  0.0000e+00       0.0       0.0      0246
 -116.2268   33.5747 -8.4853e-02  4.4365e+00  2.9843e-02  5.0000e-02  5.0000e-02  5.0000e-02  0.0000e+00  0.0000e+00  0.0000e+00       0.0       0.0      0247
 -115.7321   32.7597  1.4628e+00  5.2986e+00 -1.2708e-02  5.0000e-02  5.0000e-02  5.0000e-02  0.0000e+00  0.0000e+00  0.0000e+00       0.0       0.0      0248
 -115.6284   33.0450  9.6521e-01  5.4000e+00 -1.3520e-01  5.0000e-02  5.0000e-02  5.0000e-02  0.0000e+00  0.0000e+00  0.0000e+00       0.0       0.0      0249
 -115.5959   32.7506  1.4475e+00  5.5057e+00 -8.1446e-03  5.0000e-02  5.0000e-02  5.0000e-02  0.0000e+00  0.0000e+00  0.0000e+00       0.0       0.0      0250
 -115.5770   32.8347  1.3762e+00  5.5593e+00  3.1582e-02  5.0000e-02  5.0000e-02  5.0000e-02  0.0000e+00  0.0000e+00  0.0000e+00       0.0       0.0      0251
 -115.5696   32.8984  1.2645e+00  5.5045e+00 -7.1932e-02  5.0000e-02  5.0000e-02  5.0000e-02  0.0000e+00  0.0000e+00  0.0000e+00       0.0       0.0      0252
 -115.4879   32.9796  2.9746e+00  1.5184e+00 -4.3676e-02  5.0000e-02  5.0000e-02  5.0000e-02  0.0000e+00  0.0000e+00  0.0000e+00       0.0       0.0      0253
 -115.2999   32.6900  3.2393e+00  1.6790e+00 -1.0588e-02  5.0000e-02  5.0000e-02  5.0000e-02  0.0000e+00  0.0000e+00  0.0000e+00       0.0       0.0      0254
 -115.3979   32.8758  3.0139e+00  1.6730e+00 -3.8965e-02  5.0000e-02  5.0000e-02  5.0000e-02  0.0000e+00  0.0000e+00  0.0000e+00       0.0       0.0      0255
 -115.4219   32.9825  2.9840e+00  1.6134e+00  1.1822e-02  5.0000e-02  5.0000e-02  5.0000e-02  0.0000e+00  0.0000e+00  0.0000e+00       0.0       0.0      0256
 -115.7658   33.5164  2.3393e+00  1.4368e+00 -4.5423e-03  5.0000e-02  5.0000e-02  5.0000e-02  0.0000e+00  0.0000e+00  0.0000e+00       0.0       0.0      0257
 -115.5102   33.0814  2.8181e+00  1.5928e+00 -7.5208e-02  5.0000e-02  5.0000e-02  5.0000e-02  0.0000e+00  0.0000e+00  0.0000e+00       0.0       0.0      0258
 -115.6124   33.2000  2.7345e+00  1.4520e+00 -1.1951e-01  5.0000e-02  5.0000e-02  5.0000e-02  0.0000e+00  0.0000e+00  0.0000e+00       0.0       0.0      0259
 -115.4287   33.2478  2.6790e+00  1.5678e+00  1.5137e-02  5.0000e-02  5.0000e-02  5.0000e-02  0.0000e+00  0.0000e+00  0.0000e+00       0.0       0.0      0260
 -115.2939   32.8907  3.0706e+00  1.8666e+00  7.3317e-03  5.0000e-02  5.0000e-02  5.0000e-02  0.0000e+00  0.0000e+00  0.0000e+00       0.0       0.0      0261
 -115.3433   33.1436  2.8224e+00  1.6081e+00  6.6833e-03  5.0000e-02  5.0000e-02  5.0000e-02  0.0000e+00  0.0000e+00  0.0000e+00       0.0       0.0      0262
 -115.2961   33.8869  2.0742e+00  1.6405e+00  1.9689e-02  5.0000e-02  5.0000e-02  5.0000e-02  0.0000e+00  0.0000e+00  0.0000e+00       0.0       0.0      0263
 -120.8697   35.6360 -4.1800e+00 -2.9430e+00 -4.2409e-02  5.0000e-02  5.0000e-02  5.0000e-02  0.0000e+00  0.0000e+00  0.0000e+00       0.0       0.0      0264
 -120.4804   35.6248 -4.1105e+00 -2.4208e+00 -1.3801e-01  5.0000e-02  5.0000e-02  5.0000e-02  0.0000e+00  0.0000e+00  0.0000e+00       0.0       0.0      0265
 -120.2670   35.6338 -4.1314e+00 -2.0892e+00 -1.4052e-03  5.0000e-02  5.0000e-02  5.0000e-02  0.0000e+00  0.0000e+00  0.0000e+00       0.0       0.0      0266
 -120.1820   35.7027  2.9817e-01 -2.0673e+00  3.5845e-02  5.0000e-02  5.0000e-02  5.0000e-02  0.0000e+00  0.0000e+00  0.0000e+00       0.0       0.0      0267
 -120.0007   35.6867  3.5236e-01 -1.9449e+00 -3.4686e-03  5.0000e-02  5.0000e-02  5.0000e-02  0.0000e+00  0.0000e+00  0.0000e+00       0.0       0.0      0268
 -119.7380   35.7313  3.1829e-01 -1.8391e+00  2.0936e-02  5.0000e-02  5.0000e-02  5.0000e-02  0.0000e+00  0.0000e+00  0.0000e+00       0.0       0.0      0269
 -119.9094   35.9347  2.0079e-01 -1.9117e+00 -3.1313e-02  5.0000e-02  5.0000e-02  5.0000e-02  0.0000e+00  0.0000e+00  0.0000e+00       0.0       0.0      0270
 -118.8790   34.8351  1.1617e+00 -1.0540e+00  7.1653e-02  5.0000e-02  5.0000e-02  5.0000e-02  0.0000e+00  0.0000e+00  0.0000e+00       0.0       0.0      0271
 -118.5455   34.7711  1.2558e+00 -8.3710e-01  1.1926e-02  5.0000e-02  5.0000e-02  5.0000e-02  0.0000e+00  0.0000e+00  0.0000e+00       0.0       0.0      0272
 -118.6556   34.9444  9.9129e-01 -8.9398e-01  8.0176e-02  5.0000e-02  5.0000e-02  5.0000e-02  0.0000e+00  0.0000e+00  0.0000e+00       0.0       0.0      0273
 -118.6176   34.8389  1.1527e+00 -8.5796e-01  1.3580e-02  5.0000e-02  5.0000e-02  5.0000e-02  0.0000e+00  0.0000e+00  0.0000e+00       0.0       0.0      0274
 -118.5409   34.8218  1.2032e+00 -8.7149e-01  1.3551e-01  5.0000e-02  5.0000e-02  5.0000e-02  0.0000e+00  0.0000e+00  0.0000e+00       0.0       0.0      0275
 -118.3991   34.6185 -2.1671e+00  1.0334e+00  5.6716e-02  5.0000e-02  5.0000e-02  5.0000e-02  0.0000e+00  0.0000e+00  0.0000e+00       0.0       0.0      0276
 -118.1887   34.9821  1.0210e+00 -5.0357e-01  2.0036e-02  5.0000e-02  5.0000e-02  5.0000e-02  0.0000e+00  0.0000e+00  0.0000e+00       0.0       0.0      0277
 -119.4212   35.4187  5.2829e-01 -1.5365e+00  7.6332e-02  5.0000e-02  5.0000e-02  5.0000e-02  0.0000e+00  0.0000e+00  0.0000e+00       0.0       0.0      0278
 -119.2366   35.7439  2.9533e-01 -1.2874e+00  9.4994e-02  5.0000e-02  5.0000e-02  5.0000e-02  0.0000e+00  0.0000e+00  0.0000e+00       0.0       0.0      0279
 -119.2293   36.3245 -2.7533e-01 -1.4350e+00 -3.4415e-02  5.0000e-02  5.0000e-02  5.0000e-02  0.0000e+00  0.0000e+00  0.0000e+00       0.0       0.0      0280
 -118.7536   35.4209  5.6883e-01 -1.0513e+00 -5.5413e-02  5.0000e-02  5.0000e-02  5.0000e-02  0.0000e+00  0.0000e+00  0.0000e+00       0.0       0.0      0281
 -118.7667   36.2314 -2.0216e-01 -1.0781e+00 -5.0269e-02  5.0000e-02  5.0000e-02  5.0000e-02  0.0000e+00  0.0000e+00  0.0000e+00       0.0       0.0      0282
 -120.9700   35.6697 -4.2281e+00 -3.1877e+00  5.2214e-02  5.0000e-02  5.0000e-02  5.0000e-02  0.0000e+00  0.0000e+00  0.0000e+00       0.0       0.0      0283
 -117.3189   34.3046  1.7247e+00  1.7021e-01  4.4507e-02  5.0000e-02  5.0000e-02  5.0000e-02  0.0000e+00  0.0000e+00  0.0000e+00       0.0       0.0      0284
 -117.7290   34.5097  1.4554e+00 -2.6227e-01 -6.8782e-02  5.0000e-02  5.0000e-02  5.0000e-02  0.0000e+00  0.0000e+00  0.0000e+00       0.0       0.0      0285
 -117.5434   34.9870  9.6459e-01  2.2775e-03 -3.1009e-02  5.0000e-02  5.0000e-02  5.0000e-02  0.0000e+00  0.0000e+00  0.0000e+00       0.0       0.0      0286
 -116.9516   33.8926 -7.6584e-01  3.3043e+00  1.0663e-02  5.0000e-02  5.0000e-02  5.0000e-02  0.0000e+00  0.0000e+00  0.0000e+00       0.0       0.0      0287
 -117.2805   34.5348  1.4740e+00  2.3264e-01 -1.0100e-02  5.0000e-02  5.0000e-02  5.0000e-02  0.0000e+00  0.0000e+00  0.0000e+00       0.0       0.0      0288
 -117.2676   34.7854  1.1713e+00  2.7322e-01 -1.6236e-02  5.0000e-02  5.0000e-02  5.0000e-02  0.0000e+00  0.0000e+00  0.0000e+00       0.0       0.0      0289
 -117.1102   34.6207  1.4008e+00  3.4761e-01  3.2523e-02  5.0000e-02  5.0000e-02  5.0000e-02  0.0000e+00  0.0000e+00  0.0000e+00       0.0       0.0      0290
 -118.0165   35.1524  8.5032e-01 -4.7616e-01  1.4531e-02  5.0000e-02  5.0000e-02  5.0000e-02  0.0000e+00  0.0000e+00  0.0000e+00       0.0       0.0      0291
 -117.3901   35.8967 -3.0563e-02  5.7931e-02 -1.4856e-02  5.0000e-02  5.0000e-02  5.0000e-02  0.0000e+00  0.0000e+00  0.0000e+00       0.0       0.0      0292
 -117.4028   35.6976  2.2751e-01  2.8749e-02  2.9437e-02  5.0000e-02  5.0000e-02  5.0000e-02  0.0000e+00  0.0000e+00  0.0000e+00       0.0       0.0      0293
 -116.2119   33.8658  2.0910e+00  1.0796e+00 -1.1430e-01  5.0000e-02  5.0000e-02  5.0000e-02  0.0000e+00  0.0000e+00  0.0000e+00       0.0       0.0      0294
 -116.8796   34.4621  1.4809e+00  4.0543e-01  4.4746e-02  5.0000e-02  5.0000e-02  5.0000e-02  0.0000e+00  0.0000e+00  0.0000e+00       0.0       0.0      0295
 -117.3155   34.1874 -1.3011e+00  2.7880e+00  1.9306e-02  5.0000e-02  5.0000e-02  5.0000e-02  0.0000e+00  0.0000e+00  0.0000e+00       0.0       0.0      0296
 -116.1039   35.1419  8.0059e-01  1.0985e+00  4.9259e-02  5.0000e-02  5.0000e-02  5.0000e-02  0.0000e+00  0.0000e+00  0.0000e+00       0.0       0.0      0297
 -115.5439   35.4728  5.0559e-01  1.4622e+00  3.6302e-02  5.0000e-02  5.0000e-02  5.0000e-02  0.0000e+00  0.0000e+00  0.0000e+00       0.0       0.0      0298
 -115.3659   35.1630  8.8433e-01  1.6379e+00  3.5045e-02  5.0000e-02  5.0000e-02  5.0000e-02  0.0000e+00  0.0000e+00  0.0000e+00       0.0       0.0      0299
 -114.5994   34.1889  1.7543e+00  2.1356e+00  5.4573e-02  5.0000e-02  5.0000e-02  5.0000e-02  0.0000e+00  0.0000e+00  0.0000e+00       0.0       0.0      0300
 -115.2383   35.2911  6.6918e-01  1.9097e+00  1.2015e-01  5.0000e-02  5.0000e-02  5.0000e-02  0.0000e+00  0.0000e+00  0.0000e+00       0.0       0.0      0301
 -117.9226   34.5082  1.3862e+00 -4.0097e-01  4.8145e-02  5.0000e-02  5.0000e-02  5.0000e-02  0.0000e+00  0.0000e+00  0.0000e+00       0.0       0.0      0302
 -116.6864   36.9018 -8.2525e-01  6.1875e-01  5.3169e-02  5.0000e-02  5.0000e-02  5.0000e-02  0.0000e+00  0.0000e+00  0.0000e+00       0.0       0.0      0303
 -117.6945   34.9254  9.7104e-01 -1.7326e-01  2.8193e-02  5.0000e-02  5.0000e-02  5.0000e-02  0.0000e+00  0.0000e+00  0.0000e+00       0.0       0.0      0304
 -116.4582   33.6122 -1.6880e-01  4.1159e+00 -5.0213e-02  5.0000e-02  5.0000e-02  5.0000e-02  0.0000e+00  0.0000e+00  0.0000e+00       0.0       0.0      0305
 -116.4576   33.6121 -2.7929e-01  4.1329e+00 -1.1512e-02  5.0000e-02  5.0000e-02  5.0000e-02  0.0000e+00  0.0000e+00  0.0000e+00       0.0       0.0      0306
 -120.5416   35.9452 -4.6997e+00 -2.4987e+00 -1.8676e-02  5.0000e-02  5.0000e-02  5.0000e-02  0.0000e+00  0.0000e+00  0.0000e+00       0.0       0.0      0307
 -118.2329   34.0716 -1.1341e+00  1.3429e+00  8.5614e-03  5.0000e-02  5.0000e-02  5.0000e-02  0.0000e+00  0.0000e+00  0.0000e+00       0.0       0.0      0308
 -117.2430   32.6654  1.6235e+00  2.8037e+00  7.8381e-02  5.0000e-02  5.0000e-02  5.0000e-02  0.0000e+00  0.0000e+00  0.0000e+00       0.0       0.0      0309
 -118.1537   33.9026 -8.0846e-01  1.4356e+00  6.3321e-02  5.0000e-02  5.0000e-02  5.0000e-02  0.0000e+00  0.0000e+00  0.0000e+00       0.0       0.0      0310
 -116.8595   33.3572  2.7097e-01  3.4775e+00  4.3711e-02  5.0000e-02  5.0000e-02  5.0000e-02  0.0000e+00  0.0000e+00  0.0000e+00       0.0       0.0      0311
 -119.0569   37.8314 -1.7658e+00 -1.2096e+00  8.0175e-02  5.0000e-02  5.0000e-02  5.0000e-02  0.0000e+00  0.0000e+00  0.0000e+00       0.0       0.0      0312
 -116.1198   36.5796 -6.4123e-01  1.1164e+00 -6.5949e-02  5.0000e-02  5.0000e-02  5.0000e-02  0.0000e+00  0.0000e+00  0.0000e+00       0.0       0.0      0313
 -120.4784   35.9199 -4.6309e+00 -2.4446e+00 -6.1196e-03  5.0000e-02  5.0000e-02  5.0000e-02  0.0000e+00  0.0000e+00  0.0000e+00       0.0       0.0      0314
 -117.1821   33.8357 -6.2829e-01  2.8819e+00 -6.0569e-02  5.0000e-02  5.0000e-02  5.0000e-02  0.0000e+00  0.0000e+00  0.0000e+00       0.0       0.0      0315
 -116.4940   33.8192 -6.5197e-01  4.0731e+00 -1.7679e-02  5.0000e-02  5.0000e-02  5.0000e-02  0.0000e+00  0.0000e+00  0.0000e+00       0.0       0.0      0316
 -117.8071   34.0918 -1.0979e+00  1.9660e+00  1.1613e-02  5.0000e-02  5.0000e-02  5.0000e-02  0.0000e+00  0.0000e+00  0.0000e+00       0.0       0.0      0317
 -118.4043   33.7433 -4.9385e-01  9.0710e-01 -6.5214e-03  5.0000e-02  5.0000e-02  5.0000e-02  0.0000e+00  0.0000e+00  0.0000e+00       0.0       0.0      0318
 -118.3722   33.7795 -6.0492e-01  1.0178e+00  8.0667e-02  5.0000e-02  5.0000e-02  5.0000e-02  0.0000e+00  0.0000e+00  0.0000e+00       0.0       0.0      0319
 -118.3206   33.7739 -4.9852e-01  1.1395e+00  8.3791e-02  5.0000e-02  5.0000e-02  5.0000e-02  0.0000e+00  0.0000e+00  0.0000e+00       0.0       0.0      0320
 -118.2448   34.6287  1.2841e+00 -5.0181e-01 -2.6320e-02  5.0000e-02  5.0000e-02  5.0000e-02  0.0000e+00  0.0000e+00  0.0000e+00       0.0       0.0      0321
 -116.9172   33.0422  9.9093e-01  3.3771e+00 -5.5337e-03  5.0000e-02  5.0000e-02  5.0000e-02  0.0000e+00  0.0000e+00  0.0000e+00       0.0       0.0      0322
 -117.6833   35.3387  6.1221e-01 -4.8163e-02 -5.0469e-03  5.0000e-02  5.0000e-02  5.0000e-02  0.0000e+00  0.0000e+00  0.0000e+00       0.0       0.0      0323
 -119.7200   34.5000 -1.8536e+00 -1.0897e+00 -1.6867e-02  5.0000e-02  5.0000e-02  5.0000e-02  0.0000e+00  0.0000e+00  0.0000e+00       0.0       0.0      0324
 -116.6247   34.6439  1.2802e+00  6.8984e-01 -5.3361e-02  5.0000e-02  5.0000e-02  5.0000e-02  0.0000e+00  0.0000e+00  0.0000e+00       0.0       0.0      0325
 -118.8979   37.6771 -1.7104e+00 -9.8528e-01  5.4987e-02  5.0000e-02  5.0000e-02  5.0000e-02  0.0000e+00  0.0000e+00  0.0000e+00       0.0       0.0      0326
 -116.5543   36.7154 -6.9977e-01  7.7154e-01 -7.0985e-02  5.0000e-02  5.0000e-02  5.0000e-02  0.0000e+00  0.0000e+00  0.0000e+00       0.0       0.0      0327
 -116.4683   36.8404 -8.2657e-01  8.6854e-01 -3.2102e-02  5.0000e-02  5.0000e-02  5.0000e-02  0.0000e+00  0.0000e+00  0.0000e+00       0.0       0.0      0328
 -118.0262   34.0190 -1.0197e+00  1.6385e+00 -2.1769e-02  5.0000e-02  5.0000e-02  5.0000e-02  0.0000e+00  0.0000e+00  0.0000e+00       0.0       0.0      0329
 -120.5248   35.9000 -4.5028e+00 -2.4738e+00 -5.7477e-03  5.0000e-02  5.0000e-02  5.0000e-02  0.0000e+00  0.0000e+00  0.0000e+00       0.0       0.0      0330
 -116.6098   33.6110 -1.5025e-01  3.8743e+00 -4.0053e-02  5.0000e-02  5.0000e-02  5.0000e-02  0.0000e+00  0.0000e+00  0.0000e+00       0.0       0.0      0331
 -118.6764   34.2357 -1.3777e+00  6.1100e-01 -6.4071e-03  5.0000e-02  5.0000e-02  5.0000e-02  0.0000e+00  0.0000e+00  0.0000e+00       0.0       0.0      0332
 -117.0855   36.2179 -1.7502e-01  3.8547e-01  1.4161e-02  5.0000e-02  5.0000e-02  5.0000e-02  0.0000e+00  0.0000e+00  0.0000e+00       0.0       0.0      0333
 -118.1929   34.8751  1.1141e+00 -6.5629e-01  3.7841e-02  5.0000e-02  5.0000e-02  5.0000e-02  0.0000e+00  0.0000e+00  0.0000e+00       0.0       0.0      0334
 -119.1844   34.5415 -2.0935e+00 -2.8335e-01 -1.3235e-02  5.0000e-02  5.0000e-02  5.0000e-02  0.0000e+00  0.0000e+00  0.0000e+00       0.0       0.0      0335
 -117.3533   34.0891 -1.0813e+00  2.6497e+00 -5.7481e-02  5.0000e-02  5.0000e-02  5.0000e-02  0.0000e+00  0.0000e+00  0.0000e+00       0.0       0.0      0336
 -116.6501   36.3163 -2.7539e-01  6.8336e-01  9.4876e-02  5.0000e-02  5.0000e-02  5.0000e-02  0.0000e+00  0.0000e+00  0.0000e+00       0.0       0.0      0337
 -121.5583   37.6665 -1.5317e+00 -3.1691e+00  7.7435e-04  5.0000e-02  5.0000e-02  5.0000e-02  0.0000e+00  0.0000e+00  0.0000e+00       0.0       0.0      0338
 -117.8956   33.7432 -4.4857e-01  1.7697e+00  9.5945e-02  5.0000e-02  5.0000e-02  5.0000e-02  0.0000e+00  0.0000e+00  0.0000e+00       0.0       0.0      0339
 -121.4472   36.7653 -6.2423e+00 -4.0361e+00  5.3254e-03  5.0000e-02  5.0000e-02  5.0000e-02  0.0000e+00  0.0000e+00  0.0000e+00       0.0       0.0      0340
 -118.9532   37.6899 -1.5446e+00 -1.1864e+00 -4.5473e-03  5.0000e-02  5.0000e-02  5.0000e-02  0.0000e+00  0.0000e+00  0.0000e+00       0.0       0.0      0341
 -117.6615   33.5530 -8.6841e-02  2.1484e+00 -8.0512e-02  5.0000e-02  5.0000e-02  5.0000e-02  0.0000e+00  0.0000e+00  0.0000e+00       0.0       0.0      0342
 -117.3883   34.6074  1.3647e+00  1.2301e-01 -8.2551e-03  5.0000e-02  5.0000e-02  5.0000e-02  0.0000e+00  0.0000e+00  0.0000e+00       0.0       0.0      0343
 -118.4879   32.9144  1.1754e+00  7.7101e-01 -3.5609e-03  5.0000e-02  5.0000e-02  5.0000e-02  0.0000e+00  0.0000e+00  0.0000e+00       0.0       0.0      0344
 -117.6346   33.4441  1.4185e-01  2.2615e+00  1.0109e-03  5.0000e-02  5.0000e-02  5.0000e-02  0.0000e+00  0.0000e+00  0.0000e+00       0.0       0.0      0345
 -116.2789   34.2550  1.7234e+00  7.7728e-01 -3.2404e-02  5.0000e-02  5.0000e-02  5.0000e-02  0.0000e+00  0.0000e+00  0.0000e+00       0.0       0.0      0346
 -118.7545   34.4598 -1.9049e+00  3.2793e-01 -7.9397e-02  5.0000e-02  5.0000e-02  5.0000e-02  0.0000e+00  0.0000e+00  0.0000e+00       0.0       0.0      0347
 -117.8617   34.2056 -1.4072e+00  1.8583e+00 -5.5851e-02  5.0000e-02  5.0000e-02  5.0000e-02  0.0000e+00  0.0000e+00  0.0000e+00       0.0       0.0      0348
 -118.1090   34.0886 -1.0975e+00  1.5207e+00  1.9752e-02  5.0000e-02  5.0000e-02  5.0000e-02  0.0000e+00  0.0000e+00  0.0000e+00       0.0       0.0      0349
 -116.6957   33.9125 -7.3933e-01  3.7637e+00 -1.0704e-02  5.0000e-02  5.0000e-02  5.0000e-02  0.0000e+00  0.0000e+00  0.0000e+00       0.0       0.0      0350
 -116.2990   35.9713 -6.6138e-03  9.1120e-01  5.8898e-02  5.0000e-02  5.0000e-02  5.0000e-02  0.0000e+00  0.0000e+00  0.0000e+00       0.0       0.0      0351
 -116.0156   34.6243  1.3793e+00  1.0899e+00 -1.1419e-01  5.0000e-02  5.0000e-02  5.0000e-02  0.0000e+00  0.0000e+00  0.0000e+00       0.0       0.0      0352
 -118.2639   34.1029 -1.1829e+00  1.2773e+00  6.0036e-03  5.0000e-02  5.0000e-02  5.0000e-02  0.0000e+00  0.0000e+00  0.0000e+00       0.0       0.0      0353
 -117.2504   32.8647  1.2489e+00  2.8392e+00  5.6938e-02  5.0000e-02  5.0000e-02  5.0000e-02  0.0000e+00  0.0000e+00  0.0000e+00       0.0       0.0      0354
 -117.2497   32.8407  1.4054e+00  2.8683e+00 -4.2172e-02  5.0000e-02  5.0000e-02  5.0000e-02  0.0000e+00  0.0000e+00  0.0000e+00       0.0       0.0      0355
 -116.2106   36.7305 -6.9898e-01  9.2566e-01  2.6074e-02  5.0000e-02  5.0000e-02  5.0000e-02  0.0000e+00  0.0000e+00  0.0000e+00       0.0       0.0      0356
 -115.9778   33.2922  5.0520e-01  4.8256e+00 -4.1100e-02  5.0000e-02  5.0000e-02  5.0000e-02  0.0000e+00  0.0000e+00  0.0000e+00       0.0       0.0      0357
 -115.5875   36.3196 -2.3537e-01  1.5367e+00  2.0779e-02  5.0000e-02  5.0000e-02  5.0000e-02  0.0000e+00  0.0000e+00  0.0000e+00       0.0       0.0      0358
 -117.9286   33.9273 -8.1783e-01  1.7720e+00  1.3196e-01  5.0000e-02  5.0000e-02  5.0000e-02  0.0000e+00  0.0000e+00  0.0000e+00       0.0       0.0      0359
 -119.5244   33.2479  4.5253e-01 -8.8999e-01  1.1688e-02  5.0000e-02  5.0000e-02  5.0000e-02  0.0000e+00  0.0000e+00  0.0000e+00       0.0       0.0      0360
 -121.9255   37.1664 -9.9905e-01 -3.5463e+00  9.7538e-02  5.0000e-02  5.0000e-02  5.0000e-02  0.0000e+00  0.0000e+00  0.0000e+00       0.0       0.0      0361
 -119.0643   34.3199 -1.5372e+00 -1.3640e-01 -1.0228e-02  5.0000e-02  5.0000e-02  5.0000e-02  0.0000e+00  0.0000e+00  0.0000e+00       0.0       0.0      0362
 -118.6462   34.0593 -1.0154e+00  5.2058e-01  4.2597e-02  5.0000e-02  5.0000e-02  5.0000e-02  0.0000e+00  0.0000e+00  0.0000e+00       0.0       0.0      0363
 -117.8488   33.9927 -9.9243e-01  1.8122e+00  3.3928e-02  5.0000e-02  5.0000e-02  5.0000e-02  0.0000e+00  0.0000e+00  0.0000e+00       0.0       0.0      0364
 -120.0652   34.0043 -1.0129e+00 -1.8604e+00  8.7662e-02  5.0000e-02  5.0000e-02  5.0000e-02  0.0000e+00  0.0000e+00  0.0000e+00       0.0       0.0      0365
 -116.3378   36.6446 -5.8441e-01  8.3985e-01 -6.4884e-02  5.0000e-02  5.0000e-02  5.0000e-02  0.0000e+00  0.0000e+00  0.0000e+00       0.0       0.0      0366
 -117.6783   34.3818 -1.6914e+00  2.0918e+00  3.9654e-02  5.0000e-02  5.0000e-02  5.0000e-02  0.0000e+00  0.0000e+00  0.0000e+00       0.0       0.0      0367
 -116.5743   36.9316 -9.4764e-01  7.0785e-01  2.1764e-02  5.0000e-02  5.0000e-02  5.0000e-02  0.0000e+00  0.0000e+00  0.0000e+00       0.0       0.0      0368
 -120.3603   35.9174  2.0215e-01 -2.2644e+00  1.5104e-02  5.0000e-02  5.0000e-02  5.0000e-02  0.0000e+00  0.0000e+00  0.0000e+00       0.0       0.0      0369
 -121.9355   37.3515 -1.1777e+00 -3.4312e+00 -3.3931e-03  5.0000e-02  5.0000e-02  5.0000e-02  0.0000e+00  0.0000e+00  0.0000e+00       0.0       0.0      0370
 -118.4146   35.1582  8.4395e-01 -7.4577e-01  7.1362e-02  5.0000e-02  5.0000e-02  5.0000e-02  0.0000e+00  0.0000e+00  0.0000e+00       0.0       0.0      0371
 -118.8629   37.6189 -1.5891e+00 -1.0506e+00 -6.5248e-02  5.0000e-02  5.0000e-02  5.0000e-02  0.0000e+00  0.0000e+00  0.0000e+00       0.0       0.0      0372
 -116.2297   36.9348 -8.8569e-01  1.0022e+00 -1.3043e-01  5.0000e-02  5.0000e-02  5.0000e-02  0.0000e+00  0.0000e+00  0.0000e+00       0.0       0.0      0373
 -120.1326   34.4835 -1.8177e+00 -1.7519e+00 -7.8654e-03  5.0000e-02  5.0000e-02  5.0000e-02  0.0000e+00  0.0000e+00  0.0000e+00       0.0       0.0      0374
 -116.1605   33.6412 -2.1833e-01  4.5656e+00  1.8062e-02  5.0000e-02  5.0000e-02  5.0000e-02  0.0000e+00  0.0000e+00  0.0000e+00       0.0       0.0      0375
 -118.3306   33.7978 -5.0149e-01  1.0247e+00 -5.0287e-02  5.0000e-02  5.0000e-02  5.0000e-02  0.0000e+00  0.0000e+00  0.0000e+00       0.0       0.0      0376
 -118.8367   34.2480 -1.4459e+00  3.2351e-01 -6.2039e-02  5.0000e-02  5.0000e-02  5.0000e-02  0.0000e+00  0.0000e+00  0.0000e+00       0.0       0.0      0377
 -117.8034   33.6179 -1.7406e-01  1.9686e+00  1.1587e-02  5.0000e-02  5.0000e-02  5.0000e-02  0.0000e+00  0.0000e+00  0.0000e+00       0.0       0.0      0378
 -116.5305   34.8386  1.1272e+00  8.1628e-01  5.1868e-02  5.0000e-02  5.0000e-02  5.0000e-02  0.0000e+00  0.0000e+00  0.0000e+00       0.0       0.0      0379
 -117.7255   33.9725 -8.8352e-01  2.1233e+00 -9.1240e-03  5.0000e-02  5.0000e-02  5.0000e-02  0.0000e+00  0.0000e+00  0.0000e+00       0.0       0.0      0380
 -118.4419   34.0691 -1.1155e+00  7.9671e-01  5.4759e-02  5.0000e-02  5.0000e-02  5.0000e-02  0.0000e+00  0.0000e+00  0.0000e+00       0.0       0.0      0381
 -119.8438   34.4133 -1.7770e+00 -1.3361e+00  4.3675e-02  5.0000e-02  5.0000e-02  5.0000e-02  0.0000e+00  0.0000e+00  0.0000e+00       0.0       0.0      0382
 -118.2851   34.0239 -9.8942e-01  1.1464e+00  1.0904e-02  5.0000e-02  5.0000e-02  5.0000e-02  0.0000e+00  0.0000e+00  0.0000e+00       0.0       0.0      0383
 -116.0853   33.0301  1.1093e+00  4.7319e+00 -1.6763e-02  5.0000e-02  5.0000e-02  5.0000e-02  0.0000e+00  0.0000e+00  0.0000e+00       0.0       0.0      0384
 -120.6611   35.3118 -3.4741e+00 -2.6271e+00 -4.1074e-02  5.0000e-02  5.0000e-02  5.0000e-02  0.0000e+00  0.0000e+00  0.0000e+00       0.0       0.0      0385
 -120.5635   34.8266 -2.5154e+00 -2.4992e+00  5.0249e-02  5.0000e-02  5.0000e-02  5.0000e-02  0.0000e+00  0.0000e+00  0.0000e+00       0.0       0.0      0386
 -119.4839   34.8515 -2.5978e+00 -7.8126e-01  3.2563e-02  5.0000e-02  5.0000e-02  5.0000e-02  0.0000e+00  0.0000e+00  0.0000e+00       0.0       0.0      0387
 -118.2200   34.1786 -1.3024e+00  1.3155e+00  3.7251e-02  5.0000e-02  5.0000e-02  5.0000e-02  0.0000e+00  0.0000e+00  0.0000e+00       0.0       0.0      0388
 -118.5144   34.1264 -1.1281e+00  8.3973e-01  1.8928e-02  5.0000e-02  5.0000e-02  5.0000e-02  0.0000e+00  0.0000e+00  0.0000e+00       0.0       0.0      0389
 -119.2377   34.2758 -1.6184e+00 -3.4252e-01 -3.9838e-02  5.0000e-02  5.0000e-02  5.0000e-02  0.0000e+00  0.0000e+00  0.0000e+00       0.0       0.0      0390
 -118.4845   34.2932 -1.5112e+00  8.3939e-01  2.2941e-02  5.0000e-02  5.0000e-02  5.0000e-02  0.0000e+00  0.0000e+00  0.0000e+00       0.0       0.0      0391
 -120.6164   34.5563 -2.1066e+00 -2.6101e+00 -1.2476e-02  5.0000e-02  5.0000e-02  5.0000e-02  0.0000e+00  0.0000e+00  0.0000e+00       0.0       0.0      0392
 -118.1212   34.5015 -2.0260e+00  1.3984e+00  1.5696e-02  5.0000e-02  5.0000e-02  5.0000e-02  0.0000e+00  0.0000e+00  0.0000e+00       0.0       0.0      0393
 -118.2938   33.7126 -4.2279e-01  1.1321e+00  1.0469e-01  5.0000e-02  5.0000e-02  5.0000e-02  0.0000e+00  0.0000e+00  0.0000e+00       0.0       0.0      0394
 -117.9920   34.0309 -1.0266e+00  1.6476e+00 -1.0448e-01  5.0000e-02  5.0000e-02  5.0000e-02  0.0000e+00  0.0000e+00  0.0000e+00       0.0       0.0      0395
 -118.6539   37.6643 -1.6606e+00 -9.3110e-01 -2.0361e-02  5.0000e-02  5.0000e-02  5.0000e-02  0.0000e+00  0.0000e+00  0.0000e+00       0.0       0.0      0396
 -117.9111   34.0619 -1.1200e+00  1.7201e+00  7.7442e-02  5.0000e-02  5.0000e-02  5.0000e-02  0.0000e+00  0.0000e+00  0.0000e+00       0.0       0.0      0397
 -118.9837   35.0108  9.7928e-01 -1.1291e+00 -6.5148e-02  5.0000e-02  5.0000e-02  5.0000e-02  0.0000e+00  0.0000e+00  0.0000e+00       0.0       0.0      0398
 -118.0312   33.9799 -9.4412e-01  1.6127e+00 -2.1447e-02  5.0000e-02  5.0000e-02  5.0000e-02  0.0000e+00  0.0000e+00  0.0000e+00       0.0       0.0      0399
 -117.6435   33.6745 -3.4397e-01  2.1689e+00 -5.5302e-02  5.0000e-02  5.0000e-02  5.0000e-02  0.0000e+00  0.0000e+00  0.0000e+00       0.0       0.0      0400
 -116.3918   33.9348  2.0201e+00  8.1813e-01 -1.9826e-02  5.0000e-02  5.0000e-02  5.0000e-02  0.0000e+00  0.0000e+00  0.0000e+00       0.0       0.0      0401
 -118.7415   34.5685 -2.1277e+00  3.7431e-01 -6.1603e-02  5.0000e-02  5.0000e-02  5.0000e-02  0.0000e+00  0.0000e+00  0.0000e+00       0.0       0.0      0402
 -118.0559   34.2261 -1.3370e+00  1.5525e+00  1.1462e-02  5.0000e-02  5.0000e-02  5.0000e-02  0.0000e+00  0.0000e+00  0.0000e+00       0.0       0.0      0403
 -118.4143   34.2594 -1.4504e+00  9.0759e-01  3.8351e-02  5.0000e-02  5.0000e-02  5.0000e-02  0.0000e+00  0.0000e+00  0.0000e+00       0.0       0.0      0404
 -118.0593   34.0432 -1.0772e+00  1.4431e+00 -6.7538e-02  5.0000e-02  5.0000e-02  5.0000e-02  0.0000e+00  0.0000e+00  0.0000e+00       0.0       0.0      0405
 -116.9317   34.6690  1.3814e+00  4.2417e-01  3.2864e-02  5.0000e-02  5.0000e-02  5.0000e-02  0.0000e+00  0.0000e+00  0.0000e+00       0.0       0.0      0406
 -118.4276   33.9582 -1.0233e+00  9.2727e-01 -2.8203e-02  5.0000e-02  5.0000e-02  5.0000e-02  0.0000e+00  0.0000e+00  0.0000e+00       0.0       0.0      0407
 -116.6539   33.9553 -8.3724e-01  3.7604e+00  2.9365e-02  5.0000e-02  5.0000e-02  5.0000e-02  0.0000e+00  0.0000e+00  0.0000e+00       0.0       0.0      0408
