       lon       lat          ve          vn          vu          se          sn          su         ren         reu         rnu     start    finish      name
 -117.0932   34.1164 -1.3167e+00  1.3427e+00 -9.7822e-02  5.0000e-02  5.0000e-02  5.0000e-02  0.0000e+00  0.0000e+00  0.0000e+00       0.0       0.0      0001
 -116.4294   34.5943 -6.0767e-01  4.9615e-01 -1.7504e-02  5.0000e-02  5.0000e-02  5.0000e-02  0.0000e+00  0.0000e+00  0.0000e+00       0.0       0.0      0002
 -115.1585   37.3580  3.4920e+00 -9.8183e-01  1.1751e-01  5.0000e-02  5.0000e-02  5.0000e-02  0.0000e+00  0.0000e+00  0.0000e+00       0.0       0.0      0003
 -118.6948   34.8245 -3.0142e-01  3.1652e+00  7.6493e-02  5.0000e-02  5.0000e-02  5.0000e-02  0.0000e+00  0.0000e+00  0.0000e+00       0.0       0.0      0004
 -119.3635   34.0150 -1.5380e+00  4.0655e+00  4.7449e-02  5.0000e-02  5.0000e-02  5.0000e-02  0.0000e+00  0.0000e+00  0.0000e+00       0.0       0.0      0005
 -118.8303   34.1574 -1.3051e+00  3.4754e+00  5.9280e-02  5.0000e-02  5.0000e-02  5.0000e-02  0.0000e+00  0.0000e+00  0.0000e+00       0.0       0.0      0006
 -114.9318   36.3191  1.9400e+00 -1.2083e+00  1.0682e-02  5.0000e-02  5.0000e-02  5.0000e-02  0.0000e+00  0.0000e+00  0.0000e+00       0.0       0.0      0007
 -117.5219   36.0500  1.5608e+00  1.8180e+00  1.7597e-02  5.0000e-02  5.0000e-02  5.0000e-02  0.0000e+00  0.0000e+00  0.0000e+00       0.0       0.0      0008
 -118.9104   35.2013  1.6117e-01  3.4982e+00 -5.9240e-02  5.0000e-02  5.0000e-02  5.0000e-02  0.0000e+00  0.0000e+00  0.0000e+00       0.0       0.0      0009
 -117.1540   34.4683 -7.5093e-01  1.4134e+00 -1.7079e-02  5.0000e-02  5.0000e-02  5.0000e-02  0.0000e+00  0.0000e+00  0.0000e+00       0.0       0.0      0010
 -116.6297   33.5401 -2.0737e+00  8.1213e-01 -7.3394e-03  5.0000e-02  5.0000e-02  5.0000e-02  0.0000e+00  0.0000e+00  0.0000e+00       0.0       0.0      0011
 -117.8965   34.1260 -1.2589e+00  2.3507e+00  2.4442e-02  5.0000e-02  5.0000e-02  5.0000e-02  0.0000e+00  0.0000e+00  0.0000e+00       0.0       0.0      0012
 -118.9014   37.7834  4.1097e+00  3.5007e+00  1.1774e-02  5.0000e-02  5.0000e-02  5.0000e-02  0.0000e+00  0.0000e+00  0.0000e+00       0.0       0.0      0013
 -119.0297   33.4804 -2.3562e+00  3.7081e+00  9.9106e-03  5.0000e-02  5.0000e-02  5.0000e-02  0.0000e+00  0.0000e+00  0.0000e+00       0.0       0.0      0014
 -119.9815   34.5822 -7.9244e-01  4.7859e+00 -3.1363e-02  5.0000e-02  5.0000e-02  5.0000e-02  0.0000e+00  0.0000e+00  0.0000e+00       0.0       0.0      0015
 -116.8842   34.2643 -1.0876e+00  1.0475e+00  6.1905e-02  5.0000e-02  5.0000e-02  5.0000e-02  0.0000e+00  0.0000e+00  0.0000e+00       0.0       0.0      0016
 -119.4058   34.9205 -2.0371e-01  4.0298e+00 -2.6622e-02  5.0000e-02  5.0000e-02  5.0000e-02  0.0000e+00  0.0000e+00  0.0000e+00       0.0       0.0      0017
 -116.6211   37.0399  3.0459e+00  7.5132e-01  8.5357e-03  5.0000e-02  5.0000e-02  5.0000e-02  0.0000e+00  0.0000e+00  0.0000e+00       0.0       0.0      0018
 -115.9982   34.0005 -1.5109e+00  4.4203e-02  1.3055e-02  5.0000e-02  5.0000e-02  5.0000e-02  0.0000e+00  0.0000e+00  0.0000e+00       0.0       0.0      0019
 -118.0741   35.8784  1.2646e+00  2.4878e+00 -4.6905e-02  5.0000e-02  5.0000e-02  5.0000e-02  0.0000e+00  0.0000e+00  0.0000e+00       0.0       0.0      0020
 -118.1597   33.9671 -1.5376e+00  2.5833e+00 -4.1142e-02  5.0000e-02  5.0000e-02  5.0000e-02  0.0000e+00  0.0000e+00  0.0000e+00       0.0       0.0      0021
 -117.0646   33.5782 -2.0547e+00  1.2455e+00 -2.9940e-02  5.0000e-02  5.0000e-02  5.0000e-02  0.0000e+00  0.0000e+00  0.0000e+00       0.0       0.0      0022
 -116.0804   35.2870  3.5153e-01  9.2641e-02 -9.0398e-02  5.0000e-02  5.0000e-02  5.0000e-02  0.0000e+00  0.0000e+00  0.0000e+00       0.0       0.0      0023
 -118.0947   33.9623 -1.4901e+00  2.4534e+00 -4.2940e-03  5.0000e-02  5.0000e-02  5.0000e-02  0.0000e+00  0.0000e+00  0.0000e+00       0.0       0.0      0024
 -119.1095   35.1324  1.8701e-01  3.7028e+00  2.6001e-02  5.0000e-02  5.0000e-02  5.0000e-02  0.0000e+00  0.0000e+00  0.0000e+00       0.0       0.0      0025
 -118.0287   33.7995 -1.7870e+00  2.3142e+00  5.3166e-02  5.0000e-02  5.0000e-02  5.0000e-02  0.0000e+00  0.0000e+00  0.0000e+00       0.0       0.0      0026
 -114.7148   33.6104 -2.0236e+00 -1.5287e+00  9.9094e-03  5.0000e-02  5.0000e-02  5.0000e-02  0.0000e+00  0.0000e+00  0.0000e+00       0.0       0.0      0027
 -116.0530   34.2514 -1.1823e+00  2.4093e-02 -6.6407e-02  5.0000e-02  5.0000e-02  5.0000e-02  0.0000e+00  0.0000e+00  0.0000e+00       0.0       0.0      0028
 -116.9847   33.9627 -1.5636e+00  1.1971e+00  4.7150e-03  5.0000e-02  5.0000e-02  5.0000e-02  0.0000e+00  0.0000e+00  0.0000e+00       0.0       0.0      0029
 -118.2770   34.1849 -1.2071e+00  2.7283e+00  2.0976e-02  5.0000e-02  5.0000e-02  5.0000e-02  0.0000e+00  0.0000e+00  0.0000e+00       0.0       0.0      0030
 -118.5768   34.6823 -5.3866e-01  3.0086e+00 -5.6667e-02  5.0000e-02  5.0000e-02  5.0000e-02  0.0000e+00  0.0000e+00  0.0000e+00       0.0       0.0      0031
 -117.0120   34.9186 -1.8749e-01  1.2622e+00 -6.9645e-02  5.0000e-02  5.0000e-02  5.0000e-02  0.0000e+00  0.0000e+00  0.0000e+00       0.0       0.0      0032
 -118.1882   34.2928 -1.0462e+00  2.6687e+00 -4.3797e-02  5.0000e-02  5.0000e-02  5.0000e-02  0.0000e+00  0.0000e+00  0.0000e+00       0.0       0.0      0033
 -116.8717   36.9176  2.7488e+00  1.0614e+00 -5.2009e-02  5.0000e-02  5.0000e-02  5.0000e-02  0.0000e+00  0.0000e+00  0.0000e+00       0.0       0.0      0034
 -116.4509   36.7453  2.4889e+00  6.1112e-01  9.9452e-03  5.0000e-02  5.0000e-02  5.0000e-02  0.0000e+00  0.0000e+00  0.0000e+00       0.0       0.0      0035
 -119.3475   35.1573  1.3663e-01  4.0424e+00 -2.5484e-02  5.0000e-02  5.0000e-02  5.0000e-02  0.0000e+00  0.0000e+00  0.0000e+00       0.0       0.0      0036
 -115.9899   33.6551 -2.0133e+00  1.3845e-02  1.7246e-02  5.0000e-02  5.0000e-02  5.0000e-02  0.0000e+00  0.0000e+00  0.0000e+00       0.0       0.0      0037
 -120.4337   35.9394  1.2801e+00  5.4229e+00 -1.5515e-03  5.0000e-02  5.0000e-02  5.0000e-02  0.0000e+00  0.0000e+00  0.0000e+00       0.0       0.0      0038
 -120.4308   35.8884  1.1792e+00  5.3911e+00  6.0395e-04  5.0000e-02  5.0000e-02  5.0000e-02  0.0000e+00  0.0000e+00  0.0000e+00       0.0       0.0      0039
 -118.8967   37.6446  3.7251e+00  3.4869e+00  8.1727e-02  5.0000e-02  5.0000e-02  5.0000e-02  0.0000e+00  0.0000e+00  0.0000e+00       0.0       0.0      0040
 -118.4830   33.4458 -2.3501e+00  3.0476e+00  1.2359e-02  5.0000e-02  5.0000e-02  5.0000e-02  0.0000e+00  0.0000e+00  0.0000e+00       0.0       0.0      0041
 -118.3338   33.3116 -2.4270e+00  2.8247e+00  1.4469e-02  5.0000e-02  5.0000e-02  5.0000e-02  0.0000e+00  0.0000e+00  0.0000e+00       0.0       0.0      0042
 -118.6298   34.1386 -1.3312e+00  3.1422e+00  9.9652e-03  5.0000e-02  5.0000e-02  5.0000e-02  0.0000e+00  0.0000e+00  0.0000e+00       0.0       0.0      0043
 -117.6712   35.5653  8.7117e-01  1.9838e+00 -2.1040e-02  5.0000e-02  5.0000e-02  5.0000e-02  0.0000e+00  0.0000e+00  0.0000e+00       0.0       0.0      0044
 -118.2112   33.8763 -1.6372e+00  2.6663e+00  4.8294e-02  5.0000e-02  5.0000e-02  5.0000e-02  0.0000e+00  0.0000e+00  0.0000e+00       0.0       0.0      0045
 -117.8649   33.8627 -1.6489e+00  2.2585e+00 -3.0432e-02  5.0000e-02  5.0000e-02  5.0000e-02  0.0000e+00  0.0000e+00  0.0000e+00       0.0       0.0      0046
 -119.0135   34.8064 -3.6780e-01  3.6171e+00  8.8803e-02  5.0000e-02  5.0000e-02  5.0000e-02  0.0000e+00  0.0000e+00  0.0000e+00       0.0       0.0      0047
 -116.3359   34.8295 -2.1501e-01  3.4037e-01  2.1745e-02  5.0000e-02  5.0000e-02  5.0000e-02  0.0000e+00  0.0000e+00  0.0000e+00       0.0       0.0      0048
 -117.9649   34.2440 -1.1743e+00  2.4070e+00  9.0685e-02  5.0000e-02  5.0000e-02  5.0000e-02  0.0000e+00  0.0000e+00  0.0000e+00       0.0       0.0      0049
 -118.0260   34.3334 -9.3703e-01  2.4236e+00 -2.0020e-02  5.0000e-02  5.0000e-02  5.0000e-02  0.0000e+00  0.0000e+00  0.0000e+00       0.0       0.0      0050
 -116.7655   36.7465  2.5907e+00  8.8224e-01  3.2639e-02  5.0000e-02  5.0000e-02  5.0000e-02  0.0000e+00  0.0000e+00  0.0000e+00       0.0       0.0      0051
 -117.8277   34.6405 -6.4908e-01  2.2187e+00  2.2362e-02  5.0000e-02  5.0000e-02  5.0000e-02  0.0000e+00  0.0000e+00  0.0000e+00       0.0       0.0      0052
 -118.9373   34.1096 -1.3735e+00  3.5123e+00  2.6497e-02  5.0000e-02  5.0000e-02  5.0000e-02  0.0000e+00  0.0000e+00  0.0000e+00       0.0       0.0      0053
 -118.1273   34.1367 -1.3039e+00  2.5657e+00 -5.4868e-02  5.0000e-02  5.0000e-02  5.0000e-02  0.0000e+00  0.0000e+00  0.0000e+00       0.0       0.0      0054
 -117.4794   34.3138 -1.0635e+00  1.7182e+00 -8.7572e-02  5.0000e-02  5.0000e-02  5.0000e-02  0.0000e+00  0.0000e+00  0.0000e+00       0.0       0.0      0055
 -117.7088   34.1099 -1.3504e+00  2.1039e+00  2.8620e-02  5.0000e-02  5.0000e-02  5.0000e-02  0.0000e+00  0.0000e+00  0.0000e+00       0.0       0.0      0056
 -118.4114   34.3532 -9.8483e-01  2.9145e+00  8.8147e-03  5.0000e-02  5.0000e-02  5.0000e-02  0.0000e+00  0.0000e+00  0.0000e+00       0.0       0.0      0057
 -121.2785   37.8964  4.0802e+00  6.2328e+00  1.9776e-02  5.0000e-02  5.0000e-02  5.0000e-02  0.0000e+00  0.0000e+00  0.0000e+00       0.0       0.0      0058
 -117.6089   33.8576 -1.7277e+00  1.9083e+00  2.5945e-02  5.0000e-02  5.0000e-02  5.0000e-02  0.0000e+00  0.0000e+00  0.0000e+00       0.0       0.0      0059
 -119.8795   34.4149 -9.5666e-01  4.6223e+00  4.9350e-02  5.0000e-02  5.0000e-02  5.0000e-02  0.0000e+00  0.0000e+00  0.0000e+00       0.0       0.0      0060
 -117.8089   35.9823  1.3379e+00  2.1325e+00  5.9553e-02  5.0000e-02  5.0000e-02  5.0000e-02  0.0000e+00  0.0000e+00  0.0000e+00       0.0       0.0      0061
 -116.3869   33.7325 -1.8297e+00  5.3491e-01 -1.7237e-02  5.0000e-02  5.0000e-02  5.0000e-02  0.0000e+00  0.0000e+00  0.0000e+00       0.0       0.0      0062
 -117.5730   35.0717  6.5298e-02  1.9042e+00  2.7524e-02  5.0000e-02  5.0000e-02  5.0000e-02  0.0000e+00  0.0000e+00  0.0000e+00       0.0       0.0      0063
 -116.5693   36.8077  2.7048e+00  6.7664e-01 -6.2448e-02  5.0000e-02  5.0000e-02  5.0000e-02  0.0000e+00  0.0000e+00  0.0000e+00       0.0       0.0      0064
 -120.7508   35.7916  1.0097e+00  5.6643e+00  1.8091e-02  5.0000e-02  5.0000e-02  5.0000e-02  0.0000e+00  0.0000e+00  0.0000e+00       0.0       0.0      0065
 -117.0997   34.0391 -1.3759e+00  1.3080e+00 -5.2355e-02  5.0000e-02  5.0000e-02  5.0000e-02  0.0000e+00  0.0000e+00  0.0000e+00       0.0       0.0      0066
 -118.2728   33.8235 -1.8623e+00  2.7854e+00 -1.8768e-02  5.0000e-02  5.0000e-02  5.0000e-02  0.0000e+00  0.0000e+00  0.0000e+00       0.0       0.0      0067
 -115.7350   33.0698 -2.8518e+00 -3.8238e-01 -3.8091e-02  5.0000e-02  5.0000e-02  5.0000e-02  0.0000e+00  0.0000e+00  0.0000e+00       0.0       0.0      0068
 -119.7848   34.0293 -1.4513e+00  4.4932e+00 -3.8805e-02  5.0000e-02  5.0000e-02  5.0000e-02  0.0000e+00  0.0000e+00  0.0000e+00       0.0       0.0      0069
 -119.0390   34.1684 -1.3294e+00  3.6087e+00  4.2387e-03  5.0000e-02  5.0000e-02  5.0000e-02  0.0000e+00  0.0000e+00  0.0000e+00       0.0       0.0      0070
 -118.2567   33.8615 -1.7122e+00  2.7541e+00 -1.8842e-02  5.0000e-02  5.0000e-02  5.0000e-02  0.0000e+00  0.0000e+00  0.0000e+00       0.0       0.0      0071
 -118.5238   34.2535 -1.1790e+00  3.0501e+00 -6.8264e-02  5.0000e-02  5.0000e-02  5.0000e-02  0.0000e+00  0.0000e+00  0.0000e+00       0.0       0.0      0072
 -119.3712   34.4081 -8.6668e-01  4.1463e+00 -5.8534e-02  5.0000e-02  5.0000e-02  5.0000e-02  0.0000e+00  0.0000e+00  0.0000e+00       0.0       0.0      0073
 -118.6132   34.5165 -7.2436e-01  3.2182e+00  2.0062e-02  5.0000e-02  5.0000e-02  5.0000e-02  0.0000e+00  0.0000e+00  0.0000e+00       0.0       0.0      0074
 -116.3704   34.1241 -1.2718e+00  4.7480e-01 -5.2754e-03  5.0000e-02  5.0000e-02  5.0000e-02  0.0000e+00  0.0000e+00  0.0000e+00       0.0       0.0      0075
 -119.6739   34.9426 -2.2970e-01  4.4633e+00 -3.4704e-02  5.0000e-02  5.0000e-02  5.0000e-02  0.0000e+00  0.0000e+00  0.0000e+00       0.0       0.0      0076
 -117.9017   34.0820 -1.4317e+00  2.2784e+00 -1.0282e-02  5.0000e-02  5.0000e-02  5.0000e-02  0.0000e+00  0.0000e+00  0.0000e+00       0.0       0.0      0077
 -118.3969   34.3348 -1.0776e+00  2.9323e+00  2.7725e-02  5.0000e-02  5.0000e-02  5.0000e-02  0.0000e+00  0.0000e+00  0.0000e+00       0.0       0.0      0078
 -118.9812   37.7442  3.9911e+00  3.5632e+00 -6.7132e-02  5.0000e-02  5.0000e-02  5.0000e-02  0.0000e+00  0.0000e+00  0.0000e+00       0.0       0.0      0079
 -115.7880   33.3898 -2.3203e+00 -2.2500e-01 -5.6084e-02  5.0000e-02  5.0000e-02  5.0000e-02  0.0000e+00  0.0000e+00  0.0000e+00       0.0       0.0      0080
 -121.9156   37.8786  4.0099e+00  7.0385e+00 -2.6596e-02  5.0000e-02  5.0000e-02  5.0000e-02  0.0000e+00  0.0000e+00  0.0000e+00       0.0       0.0      0081
 -118.3485   34.0239 -1.4656e+00  2.8538e+00  2.6812e-02  5.0000e-02  5.0000e-02  5.0000e-02  0.0000e+00  0.0000e+00  0.0000e+00       0.0       0.0      0082
 -117.2495   33.0365 -2.8495e+00  1.4299e+00 -8.7823e-03  5.0000e-02  5.0000e-02  5.0000e-02  0.0000e+00  0.0000e+00  0.0000e+00       0.0       0.0      0083
 -116.7121   33.7333 -1.8157e+00  8.1009e-01  1.5989e-02  5.0000e-02  5.0000e-02  5.0000e-02  0.0000e+00  0.0000e+00  0.0000e+00       0.0       0.0      0084
 -117.8601   34.4134 -9.0459e-01  2.3002e+00  1.0553e-02  5.0000e-02  5.0000e-02  5.0000e-02  0.0000e+00  0.0000e+00  0.0000e+00       0.0       0.0      0085
 -118.0393   37.7428  4.0411e+00  2.4099e+00  6.9120e-02  5.0000e-02  5.0000e-02  5.0000e-02  0.0000e+00  0.0000e+00  0.0000e+00       0.0       0.0      0086
 -118.1260   33.9380 -1.4910e+00  2.5211e+00 -3.7415e-02  5.0000e-02  5.0000e-02  5.0000e-02  0.0000e+00  0.0000e+00  0.0000e+00       0.0       0.0      0087
 -118.3290   33.8868 -1.6676e+00  2.8207e+00 -4.2969e-02  5.0000e-02  5.0000e-02  5.0000e-02  0.0000e+00  0.0000e+00  0.0000e+00       0.0       0.0      0088
 -117.4117   33.6477 -2.0148e+00  1.7251e+00 -1.9552e-02  5.0000e-02  5.0000e-02  5.0000e-02  0.0000e+00  0.0000e+00  0.0000e+00       0.0       0.0      0089
 -114.2642   37.9155  4.2525e+00 -2.0421e+00 -1.0313e-02  5.0000e-02  5.0000e-02  5.0000e-02  0.0000e+00  0.0000e+00  0.0000e+00       0.0       0.0      0090
 -118.8304   34.9462 -1.4678e-01  3.3766e+00  7.6320e-02  5.0000e-02  5.0000e-02  5.0000e-02  0.0000e+00  0.0000e+00  0.0000e+00       0.0       0.0      0091
 -118.2084   34.0297 -1.5017e+00  2.6689e+00 -9.5547e-02  5.0000e-02  5.0000e-02  5.0000e-02  0.0000e+00  0.0000e+00  0.0000e+00       0.0       0.0      0092
 -117.5256   34.1042 -1.3033e+00  1.8331e+00  3.7816e-02  5.0000e-02  5.0000e-02  5.0000e-02  0.0000e+00  0.0000e+00  0.0000e+00       0.0       0.0      0093
 -120.0094   34.7330 -4.6090e-01  4.8981e+00  3.9795e-03  5.0000e-02  5.0000e-02  5.0000e-02  0.0000e+00  0.0000e+00  0.0000e+00       0.0       0.0      0094
 -118.8941   34.4099 -8.0052e-01  3.4466e+00 -2.1916e-02  5.0000e-02  5.0000e-02  5.0000e-02  0.0000e+00  0.0000e+00  0.0000e+00       0.0       0.0      0095
 -118.8840   34.3563 -1.0519e+00  3.5018e+00  1.7968e-02  5.0000e-02  5.0000e-02  5.0000e-02  0.0000e+00  0.0000e+00  0.0000e+00       0.0       0.0      0096
 -117.9357   33.6623 -2.0157e+00  2.3345e+00  8.8176e-02  5.0000e-02  5.0000e-02  5.0000e-02  0.0000e+00  0.0000e+00  0.0000e+00       0.0       0.0      0097
 -118.3595   34.0806 -1.4489e+00  2.8571e+00  3.3865e-03  5.0000e-02  5.0000e-02  5.0000e-02  0.0000e+00  0.0000e+00  0.0000e+00       0.0       0.0      0098
 -118.8934   34.8002 -3.6896e-01  3.5219e+00  7.0342e-02  5.0000e-02  5.0000e-02  5.0000e-02  0.0000e+00  0.0000e+00  0.0000e+00       0.0       0.0      0099
 -119.8637   35.1894  1.6000e-01  4.6291e+00 -6.7990e-02  5.0000e-02  5.0000e-02  5.0000e-02  0.0000e+00  0.0000e+00  0.0000e+00       0.0       0.0      0100
 -117.3979   34.2039 -1.1091e+00  1.6727e+00 -4.6463e-02  5.0000e-02  5.0000e-02  5.0000e-02  0.0000e+00  0.0000e+00  0.0000e+00       0.0       0.0      0101
 -115.5214   33.2748 -2.5369e+00 -5.8691e-01  3.3712e-02  5.0000e-02  5.0000e-02  5.0000e-02  0.0000e+00  0.0000e+00  0.0000e+00       0.0       0.0      0102
 -114.8273   33.0511 -2.9475e+00 -1.3561e+00 -2.6210e-03  5.0000e-02  5.0000e-02  5.0000e-02  0.0000e+00  0.0000e+00  0.0000e+00       0.0       0.0      0103
 -115.6602   34.7840 -2.8642e-01 -2.7145e-01  3.8057e-02  5.0000e-02  5.0000e-02  5.0000e-02  0.0000e+00  0.0000e+00  0.0000e+00       0.0       0.0      0104
 -114.1894   34.3086 -9.8630e-01 -2.2200e+00  4.3271e-02  5.0000e-02  5.0000e-02  5.0000e-02  0.0000e+00  0.0000e+00  0.0000e+00       0.0       0.0      0105
 -116.8892   35.4252  6.6126e-01  1.0590e+00  7.8566e-02  5.0000e-02  5.0000e-02  5.0000e-02  0.0000e+00  0.0000e+00  0.0000e+00       0.0       0.0      0106
 -118.1129   34.0474 -1.3647e+00  2.6791e+00 -3.9557e-02  5.0000e-02  5.0000e-02  5.0000e-02  0.0000e+00  0.0000e+00  0.0000e+00       0.0       0.0      0107
 -120.6821   34.4694 -9.1245e-01  5.5947e+00  3.8909e-02  5.0000e-02  5.0000e-02  5.0000e-02  0.0000e+00  0.0000e+00  0.0000e+00       0.0       0.0      0108
 -118.2858   33.7836 -1.8186e+00  2.7578e+00  3.8988e-04  5.0000e-02  5.0000e-02  5.0000e-02  0.0000e+00  0.0000e+00  0.0000e+00       0.0       0.0      0109
 -116.4301   34.7548 -3.0326e-01  4.7031e-01 -1.5905e-02  5.0000e-02  5.0000e-02  5.0000e-02  0.0000e+00  0.0000e+00  0.0000e+00       0.0       0.0      0110
 -117.7995   34.7599 -3.1980e-01  2.1164e+00 -5.2932e-02  5.0000e-02  5.0000e-02  5.0000e-02  0.0000e+00  0.0000e+00  0.0000e+00       0.0       0.0      0111
 -115.6353   33.7050 -1.9079e+00 -4.1596e-01 -9.2030e-02  5.0000e-02  5.0000e-02  5.0000e-02  0.0000e+00  0.0000e+00  0.0000e+00       0.0       0.0      0112
 -120.4795   35.8667  1.1343e+00  5.2808e+00  4.0440e-02  5.0000e-02  5.0000e-02  5.0000e-02  0.0000e+00  0.0000e+00  0.0000e+00       0.0       0.0      0113
 -117.8452   34.4582 -7.4998e-01  2.2289e+00 -2.9501e-02  5.0000e-02  5.0000e-02  5.0000e-02  0.0000e+00  0.0000e+00  0.0000e+00       0.0       0.0      0114
 -118.1682   33.9245 -1.5161e+00  2.5958e+00 -1.3713e-02  5.0000e-02  5.0000e-02  5.0000e-02  0.0000e+00  0.0000e+00  0.0000e+00       0.0       0.0      0115
 -118.8212   37.6586  3.8694e+00  3.3623e+00  2.0818e-02  5.0000e-02  5.0000e-02  5.0000e-02  0.0000e+00  0.0000e+00  0.0000e+00       0.0       0.0      0116
 -120.4024   35.8808  1.2548e+00  5.2328e+00 -6.3079e-02  5.0000e-02  5.0000e-02  5.0000e-02  0.0000e+00  0.0000e+00  0.0000e+00       0.0       0.0      0117
 -119.1875   34.4412 -8.2064e-01  3.8872e+00  4.5823e-02  5.0000e-02  5.0000e-02  5.0000e-02  0.0000e+00  0.0000e+00  0.0000e+00       0.0       0.0      0118
 -115.9114   34.7273 -4.4041e-01 -1.3936e-01 -1.5642e-02  5.0000e-02  5.0000e-02  5.0000e-02  0.0000e+00  0.0000e+00  0.0000e+00       0.0       0.0      0119
 -115.0318   32.7062 -3.3113e+00 -1.1097e+00 -1.9891e-02  5.0000e-02  5.0000e-02  5.0000e-02  0.0000e+00  0.0000e+00  0.0000e+00       0.0       0.0      0120
 -115.1451   34.1576 -1.3080e+00 -1.0902e+00  1.0714e-01  5.0000e-02  5.0000e-02  5.0000e-02  0.0000e+00  0.0000e+00  0.0000e+00       0.0       0.0      0121
 -118.4743   35.6623  8.8543e-01  2.9555e+00 -3.5478e-02  5.0000e-02  5.0000e-02  5.0000e-02  0.0000e+00  0.0000e+00  0.0000e+00       0.0       0.0      0122
 -115.5068   32.8294 -3.0994e+00 -6.1132e-01 -2.4936e-03  5.0000e-02  5.0000e-02  5.0000e-02  0.0000e+00  0.0000e+00  0.0000e+00       0.0       0.0      0123
 -119.0847   37.7717  3.9834e+00  3.6572e+00  3.1355e-02  5.0000e-02  5.0000e-02  5.0000e-02  0.0000e+00  0.0000e+00  0.0000e+00       0.0       0.0      0124
 -116.0990   36.4588  2.1453e+00  9.7216e-02  3.9706e-02  5.0000e-02  5.0000e-02  5.0000e-02  0.0000e+00  0.0000e+00  0.0000e+00       0.0       0.0      0125
 -118.1732   34.2048 -1.1547e+00  2.6164e+00  1.1887e-02  5.0000e-02  5.0000e-02  5.0000e-02  0.0000e+00  0.0000e+00  0.0000e+00       0.0       0.0      0126
 -119.0082   34.3985 -9.1680e-01  3.6975e+00 -1.1462e-02  5.0000e-02  5.0000e-02  5.0000e-02  0.0000e+00  0.0000e+00  0.0000e+00       0.0       0.0      0127
 -118.9792   37.6591  3.8246e+00  3.5235e+00  7.4813e-03  5.0000e-02  5.0000e-02  5.0000e-02  0.0000e+00  0.0000e+00  0.0000e+00       0.0       0.0      0128
 -118.8805   37.7133  3.9172e+00  3.4934e+00 -3.4239e-02  5.0000e-02  5.0000e-02  5.0000e-02  0.0000e+00  0.0000e+00  0.0000e+00       0.0       0.0      0129
 -116.1734   33.9254 -1.6001e+00  2.3759e-01  4.0855e-02  5.0000e-02  5.0000e-02  5.0000e-02  0.0000e+00  0.0000e+00  0.0000e+00       0.0       0.0      0130
 -120.4733   35.8998  1.2208e+00  5.3415e+00 -5.3202e-02  5.0000e-02  5.0000e-02  5.0000e-02  0.0000e+00  0.0000e+00  0.0000e+00       0.0       0.0      0131
 -118.5746   34.1819 -1.3580e+00  3.0623e+00  7.6563e-02  5.0000e-02  5.0000e-02  5.0000e-02  0.0000e+00  0.0000e+00  0.0000e+00       0.0       0.0      0132
 -118.3065   33.9279 -1.5864e+00  2.7692e+00  5.2007e-02  5.0000e-02  5.0000e-02  5.0000e-02  0.0000e+00  0.0000e+00  0.0000e+00       0.0       0.0      0133
 -118.1372   33.8321 -1.7029e+00  2.5333e+00 -1.1449e-01  5.0000e-02  5.0000e-02  5.0000e-02  0.0000e+00  0.0000e+00  0.0000e+00       0.0       0.0      0134
 -118.1732   33.7916 -1.7019e+00  2.5801e+00 -3.7030e-03  5.0000e-02  5.0000e-02  5.0000e-02  0.0000e+00  0.0000e+00  0.0000e+00       0.0       0.0      0135
 -118.2033   33.7878 -1.7555e+00  2.6832e+00 -3.5255e-02  5.0000e-02  5.0000e-02  5.0000e-02  0.0000e+00  0.0000e+00  0.0000e+00       0.0       0.0      0136
 -116.4328   34.2673 -1.1649e+00  5.6871e-01  2.4107e-02  5.0000e-02  5.0000e-02  5.0000e-02  0.0000e+00  0.0000e+00  0.0000e+00       0.0       0.0      0137
 -116.2091   34.6994 -3.5293e-01  2.4005e-01  2.2577e-02  5.0000e-02  5.0000e-02  5.0000e-02  0.0000e+00  0.0000e+00  0.0000e+00       0.0       0.0      0138
 -118.3218   34.1346 -1.3888e+00  2.8156e+00  8.3855e-02  5.0000e-02  5.0000e-02  5.0000e-02  0.0000e+00  0.0000e+00  0.0000e+00       0.0       0.0      0139
 -118.4128   34.0951 -1.3003e+00  2.9917e+00 -7.8150e-03  5.0000e-02  5.0000e-02  5.0000e-02  0.0000e+00  0.0000e+00  0.0000e+00       0.0       0.0      0140
 -119.0173   37.6372  3.8045e+00  3.6613e+00  9.9211e-02  5.0000e-02  5.0000e-02  5.0000e-02  0.0000e+00  0.0000e+00  0.0000e+00       0.0       0.0      0141
 -118.1392   34.6620 -6.0815e-01  2.6531e+00 -2.5789e-02  5.0000e-02  5.0000e-02  5.0000e-02  0.0000e+00  0.0000e+00  0.0000e+00       0.0       0.0      0142
 -116.3082   36.7459  2.5908e+00  4.4709e-01  1.4040e-02  5.0000e-02  5.0000e-02  5.0000e-02  0.0000e+00  0.0000e+00  0.0000e+00       0.0       0.0      0143
 -118.8677   34.8075 -3.0598e-01  3.4617e+00  5.3891e-02  5.0000e-02  5.0000e-02  5.0000e-02  0.0000e+00  0.0000e+00  0.0000e+00       0.0       0.0      0144
 -117.8350   34.4855 -8.4967e-01  2.2376e+00 -1.6550e-02  5.0000e-02  5.0000e-02  5.0000e-02  0.0000e+00  0.0000e+00  0.0000e+00       0.0       0.0      0145
 -117.8379   34.5860 -6.6827e-01  2.1833e+00  9.7618e-03  5.0000e-02  5.0000e-02  5.0000e-02  0.0000e+00  0.0000e+00  0.0000e+00       0.0       0.0      0146
 -119.0579   36.3600  1.9036e+00  3.6749e+00 -2.9576e-02  5.0000e-02  5.0000e-02  5.0000e-02  0.0000e+00  0.0000e+00  0.0000e+00       0.0       0.0      0147
 -116.9397   35.0902  1.3665e-01  1.1600e+00  1.3367e-03  5.0000e-02  5.0000e-02  5.0000e-02  0.0000e+00  0.0000e+00  0.0000e+00       0.0       0.0      0148
 -118.0034   34.1119 -1.2172e+00  2.3727e+00 -7.3653e-03  5.0000e-02  5.0000e-02  5.0000e-02  0.0000e+00  0.0000e+00  0.0000e+00       0.0       0.0      0149
 -117.7541   34.1333 -1.3646e+00  2.1295e+00 -4.2340e-02  5.0000e-02  5.0000e-02  5.0000e-02  0.0000e+00  0.0000e+00  0.0000e+00       0.0       0.0      0150
 -120.5943   35.8287  1.1821e+00  5.5412e+00  5.3131e-02  5.0000e-02  5.0000e-02  5.0000e-02  0.0000e+00  0.0000e+00  0.0000e+00       0.0       0.0      0151
 -117.9567   34.0268 -1.4394e+00  2.3787e+00  4.5394e-02  5.0000e-02  5.0000e-02  5.0000e-02  0.0000e+00  0.0000e+00  0.0000e+00       0.0       0.0      0152
 -121.8652   37.2869  3.2107e+00  6.9702e+00  3.2447e-03  5.0000e-02  5.0000e-02  5.0000e-02  0.0000e+00  0.0000e+00  0.0000e+00       0.0       0.0      0153
 -119.1037   34.7336 -4.9798e-01  3.7665e+00 -1.9131e-02  5.0000e-02  5.0000e-02  5.0000e-02  0.0000e+00  0.0000e+00  0.0000e+00       0.0       0.0      0154
 -115.1913   36.1595  1.6616e+00 -9.2369e-01 -4.7598e-02  5.0000e-02  5.0000e-02  5.0000e-02  0.0000e+00  0.0000e+00  0.0000e+00       0.0       0.0      0155
 -120.4431   35.8326  1.0746e+00  5.3791e+00  2.7463e-03  5.0000e-02  5.0000e-02  5.0000e-02  0.0000e+00  0.0000e+00  0.0000e+00       0.0       0.0      0156
 -117.4367   33.8568 -1.6474e+00  1.7677e+00  1.5546e-01  5.0000e-02  5.0000e-02  5.0000e-02  0.0000e+00  0.0000e+00  0.0000e+00       0.0       0.0      0157
 -115.9790   36.6325  2.4269e+00 -9.8950e-03 -4.3253e-02  5.0000e-02  5.0000e-02  5.0000e-02  0.0000e+00  0.0000e+00  0.0000e+00       0.0       0.0      0158
 -121.6426   37.3415  3.2345e+00  6.7674e+00  3.1039e-02  5.0000e-02  5.0000e-02  5.0000e-02  0.0000e+00  0.0000e+00  0.0000e+00       0.0       0.0      0159
 -118.2441   33.9391 -1.6255e+00  2.7260e+00 -4.5336e-02  5.0000e-02  5.0000e-02  5.0000e-02  0.0000e+00  0.0000e+00  0.0000e+00       0.0       0.0      0160
 -120.4588   35.9219  1.2413e+00  5.4200e+00 -8.4590e-03  5.0000e-02  5.0000e-02  5.0000e-02  0.0000e+00  0.0000e+00  0.0000e+00       0.0       0.0      0161
 -120.3514   34.0383 -1.5378e+00  5.2193e+00  1.1533e-03  5.0000e-02  5.0000e-02  5.0000e-02  0.0000e+00  0.0000e+00  0.0000e+00       0.0       0.0      0162
 -119.0609   37.6538  3.7372e+00  3.6806e+00 -6.3839e-02  5.0000e-02  5.0000e-02  5.0000e-02  0.0000e+00  0.0000e+00  0.0000e+00       0.0       0.0      0163
 -117.5505   33.7145 -1.9090e+00  1.9351e+00  3.4810e-02  5.0000e-02  5.0000e-02  5.0000e-02  0.0000e+00  0.0000e+00  0.0000e+00       0.0       0.0      0164
 -117.3180   33.9184 -1.5356e+00  1.5705e+00 -3.7185e-02  5.0000e-02  5.0000e-02  5.0000e-02  0.0000e+00  0.0000e+00  0.0000e+00       0.0       0.0      0165
 -120.4341   35.9695  1.3482e+00  5.2718e+00 -1.0980e-01  5.0000e-02  5.0000e-02  5.0000e-02  0.0000e+00  0.0000e+00  0.0000e+00       0.0       0.0      0166
 -121.8669   37.4853  3.4189e+00  7.0539e+00  1.5164e-02  5.0000e-02  5.0000e-02  5.0000e-02  0.0000e+00  0.0000e+00  0.0000e+00       0.0       0.0      0167
 -116.4223   32.8919 -3.1220e+00  5.1294e-01  5.1304e-02  5.0000e-02  5.0000e-02  5.0000e-02  0.0000e+00  0.0000e+00  0.0000e+00       0.0       0.0      0168
 -118.8780   34.2955 -9.7736e-01  3.4486e+00  6.5596e-02  5.0000e-02  5.0000e-02  5.0000e-02  0.0000e+00  0.0000e+00  0.0000e+00       0.0       0.0      0169
 -117.8817   34.1752 -1.2805e+00  2.2971e+00 -3.1084e-02  5.0000e-02  5.0000e-02  5.0000e-02  0.0000e+00  0.0000e+00  0.0000e+00       0.0       0.0      0170
 -117.2101   34.2308 -1.0413e+00  1.4356e+00 -3.8905e-02  5.0000e-02  5.0000e-02  5.0000e-02  0.0000e+00  0.0000e+00  0.0000e+00       0.0       0.0      0171
 -118.2455   34.0552 -1.3933e+00  2.6666e+00  6.5689e-02  5.0000e-02  5.0000e-02  5.0000e-02  0.0000e+00  0.0000e+00  0.0000e+00       0.0       0.0      0172
 -119.3093   37.1699  3.0646e+00  4.0620e+00 -3.7828e-02  5.0000e-02  5.0000e-02  5.0000e-02  0.0000e+00  0.0000e+00  0.0000e+00       0.0       0.0      0173
 -119.0960   34.2616 -1.1402e+00  3.6855e+00  4.4504e-02  5.0000e-02  5.0000e-02  5.0000e-02  0.0000e+00  0.0000e+00  0.0000e+00       0.0       0.0      0174
 -116.5253   33.2109 -2.6732e+00  5.9815e-01 -3.0749e-03  5.0000e-02  5.0000e-02  5.0000e-02  0.0000e+00  0.0000e+00  0.0000e+00       0.0       0.0      0175
 -118.9447   37.6405  3.8301e+00  3.5639e+00 -2.8074e-02  5.0000e-02  5.0000e-02  5.0000e-02  0.0000e+00  0.0000e+00  0.0000e+00       0.0       0.0      0176
 -116.1482   34.5086 -6.8078e-01  9.9523e-02  4.5161e-02  5.0000e-02  5.0000e-02  5.0000e-02  0.0000e+00  0.0000e+00  0.0000e+00       0.0       0.0      0177
 -114.6186   34.7677 -4.0986e-01 -1.6094e+00  1.8427e-02  5.0000e-02  5.0000e-02  5.0000e-02  0.0000e+00  0.0000e+00  0.0000e+00       0.0       0.0      0178
 -119.1413   34.4987 -7.4945e-01  3.7685e+00 -2.9167e-02  5.0000e-02  5.0000e-02  5.0000e-02  0.0000e+00  0.0000e+00  0.0000e+00       0.0       0.0      0179
 -117.5696   33.9197 -1.6475e+00  1.8129e+00  2.9165e-02  5.0000e-02  5.0000e-02  5.0000e-02  0.0000e+00  0.0000e+00  0.0000e+00       0.0       0.0      0180
 -118.3480   33.9797 -1.5881e+00  2.7633e+00 -2.2665e-02  5.0000e-02  5.0000e-02  5.0000e-02  0.0000e+00  0.0000e+00  0.0000e+00       0.0       0.0      0181
 -116.9727   32.5793 -3.5599e+00  1.2084e+00 -3.4059e-02  5.0000e-02  5.0000e-02  5.0000e-02  0.0000e+00  0.0000e+00  0.0000e+00       0.0       0.0      0182
 -116.0677   34.1410 -1.2071e+00  9.3247e-02  6.1913e-02  5.0000e-02  5.0000e-02  5.0000e-02  0.0000e+00  0.0000e+00  0.0000e+00       0.0       0.0      0183
 -118.6014   34.3299 -1.0125e+00  3.1212e+00 -3.8524e-02  5.0000e-02  5.0000e-02  5.0000e-02  0.0000e+00  0.0000e+00  0.0000e+00       0.0       0.0      0184
 -117.7441   33.7659 -1.8985e+00  2.0856e+00 -4.1966e-02  5.0000e-02  5.0000e-02  5.0000e-02  0.0000e+00  0.0000e+00  0.0000e+00       0.0       0.0      0185
 -117.0418   33.1306 -2.6904e+00  1.2663e+00 -6.7676e-03  5.0000e-02  5.0000e-02  5.0000e-02  0.0000e+00  0.0000e+00  0.0000e+00       0.0       0.0      0186
 -115.9181   34.3699 -8.8553e-01 -1.6346e-01 -4.2659e-02  5.0000e-02  5.0000e-02  5.0000e-02  0.0000e+00  0.0000e+00  0.0000e+00       0.0       0.0      0187
 -116.3055   34.4277 -7.8579e-01  4.0782e-01 -4.1509e-03  5.0000e-02  5.0000e-02  5.0000e-02  0.0000e+00  0.0000e+00  0.0000e+00       0.0       0.0      0188
 -116.0834   34.3671 -9.6492e-01  1.2816e-01 -1.0758e-02  5.0000e-02  5.0000e-02  5.0000e-02  0.0000e+00  0.0000e+00  0.0000e+00       0.0       0.0      0189
 -116.1495   34.4301 -8.8161e-01  2.0387e-01 -7.7908e-02  5.0000e-02  5.0000e-02  5.0000e-02  0.0000e+00  0.0000e+00  0.0000e+00       0.0       0.0      0190
 -116.2923   34.5330 -6.8419e-01  4.0314e-01  7.4133e-02  5.0000e-02  5.0000e-02  5.0000e-02  0.0000e+00  0.0000e+00  0.0000e+00       0.0       0.0      0191
 -120.2786   34.7391 -4.3648e-01  5.1219e+00 -2.2526e-02  5.0000e-02  5.0000e-02  5.0000e-02  0.0000e+00  0.0000e+00  0.0000e+00       0.0       0.0      0192
 -116.8151   34.6749 -4.6612e-01  9.1642e-01  2.3713e-02  5.0000e-02  5.0000e-02  5.0000e-02  0.0000e+00  0.0000e+00  0.0000e+00       0.0       0.0      0193
 -119.1419   34.3274 -1.0110e+00  3.7539e+00 -1.9416e-03  5.0000e-02  5.0000e-02  5.0000e-02  0.0000e+00  0.0000e+00  0.0000e+00       0.0       0.0      0194
 -118.2073   34.1288 -1.3010e+00  2.6511e+00  2.9620e-02  5.0000e-02  5.0000e-02  5.0000e-02  0.0000e+00  0.0000e+00  0.0000e+00       0.0       0.0      0195
 -119.3534   34.6834 -4.8893e-01  4.0319e+00 -2.1732e-03  5.0000e-02  5.0000e-02  5.0000e-02  0.0000e+00  0.0000e+00  0.0000e+00       0.0       0.0      0196
 -114.0050   32.7225 -3.4643e+00 -2.3626e+00  1.4997e-02  5.0000e-02  5.0000e-02  5.0000e-02  0.0000e+00  0.0000e+00  0.0000e+00       0.0       0.0      0197
 -119.0629   36.0274  1.4047e+00  3.7025e+00  7.4955e-02  5.0000e-02  5.0000e-02  5.0000e-02  0.0000e+00  0.0000e+00  0.0000e+00       0.0       0.0      0198
 -116.1698   32.6165 -3.4335e+00  3.4459e-01 -3.7807e-02  5.0000e-02  5.0000e-02  5.0000e-02  0.0000e+00  0.0000e+00  0.0000e+00       0.0       0.0      0199
 -121.0030   35.5517  7.0257e-01  6.0043e+00 -4.4183e-03  5.0000e-02  5.0000e-02  5.0000e-02  0.0000e+00  0.0000e+00  0.0000e+00       0.0       0.0      0200
 -121.7925   36.4855  1.9884e+00  6.9394e+00  3.9458e-02  5.0000e-02  5.0000e-02  5.0000e-02  0.0000e+00  0.0000e+00  0.0000e+00       0.0       0.0      0201
 -121.7318   36.8161  2.4804e+00  6.9330e+00 -3.6692e-02  5.0000e-02  5.0000e-02  5.0000e-02  0.0000e+00  0.0000e+00  0.0000e+00       0.0       0.0      0202
 -121.9908   37.2017  3.0654e+00  7.2219e+00 -3.2908e-02  5.0000e-02  5.0000e-02  5.0000e-02  0.0000e+00  0.0000e+00  0.0000e+00       0.0       0.0      0203
 -121.6506   37.1045  2.8002e+00  6.7936e+00 -2.6488e-02  5.0000e-02  5.0000e-02  5.0000e-02  0.0000e+00  0.0000e+00  0.0000e+00       0.0       0.0      0204
 -121.7140   37.2035  3.0367e+00  6.8421e+00  6.8313e-03  5.0000e-02  5.0000e-02  5.0000e-02  0.0000e+00  0.0000e+00  0.0000e+00       0.0       0.0      0205
 -121.6869   37.6018  3.6683e+00  6.7594e+00 -4.2389e-02  5.0000e-02  5.0000e-02  5.0000e-02  0.0000e+00  0.0000e+00  0.0000e+00       0.0       0.0      0206
 -121.9780   37.7494  3.7648e+00  7.1445e+00  1.0209e-01  5.0000e-02  5.0000e-02  5.0000e-02  0.0000e+00  0.0000e+00  0.0000e+00       0.0       0.0      0207
 -121.7864   37.8190  3.8715e+00  6.9937e+00  1.2164e-02  5.0000e-02  5.0000e-02  5.0000e-02  0.0000e+00  0.0000e+00  0.0000e+00       0.0       0.0      0208
 -121.5545   36.9035  2.5559e+00  6.5885e+00  1.1749e-02  5.0000e-02  5.0000e-02  5.0000e-02  0.0000e+00  0.0000e+00  0.0000e+00       0.0       0.0      0209
 -121.5420   37.0078  2.6651e+00  6.7083e+00  6.7990e-02  5.0000e-02  5.0000e-02  5.0000e-02  0.0000e+00  0.0000e+00  0.0000e+00       0.0       0.0      0210
 -121.4632   36.9539  2.6432e+00  6.5064e+00  2.0987e-02  5.0000e-02  5.0000e-02  5.0000e-02  0.0000e+00  0.0000e+00  0.0000e+00       0.0       0.0      0211
 -121.3545   37.0108  2.8207e+00  6.3861e+00 -7.1671e-02  5.0000e-02  5.0000e-02  5.0000e-02  0.0000e+00  0.0000e+00  0.0000e+00       0.0       0.0      0212
 -121.0644   36.6116  2.2512e+00  6.0940e+00 -6.0932e-02  5.0000e-02  5.0000e-02  5.0000e-02  0.0000e+00  0.0000e+00  0.0000e+00       0.0       0.0      0213
 -121.0577   37.1696  3.0414e+00  6.0865e+00  1.0019e-02  5.0000e-02  5.0000e-02  5.0000e-02  0.0000e+00  0.0000e+00  0.0000e+00       0.0       0.0      0214
 -121.6048   37.9320  4.1004e+00  6.7210e+00 -9.7627e-03  5.0000e-02  5.0000e-02  5.0000e-02  0.0000e+00  0.0000e+00  0.0000e+00       0.0       0.0      0215
 -121.4640   37.7553  3.8593e+00  6.4859e+00 -7.4627e-02  5.0000e-02  5.0000e-02  5.0000e-02  0.0000e+00  0.0000e+00  0.0000e+00       0.0       0.0      0216
 -121.1006   37.4330  3.3591e+00  6.1210e+00 -2.3954e-02  5.0000e-02  5.0000e-02  5.0000e-02  0.0000e+00  0.0000e+00  0.0000e+00       0.0       0.0      0217
 -121.0608   35.7112  9.1945e-01  6.1121e+00 -3.5395e-02  5.0000e-02  5.0000e-02  5.0000e-02  0.0000e+00  0.0000e+00  0.0000e+00       0.0       0.0      0218
 -120.3895   35.8411  1.0499e+00  5.2934e+00  9.0744e-02  5.0000e-02  5.0000e-02  5.0000e-02  0.0000e+00  0.0000e+00  0.0000e+00       0.0       0.0      0219
 -120.3452   35.8378  1.1310e+00  5.2328e+00 -3.5021e-02  5.0000e-02  5.0000e-02  5.0000e-02  0.0000e+00  0.0000e+00  0.0000e+00       0.0       0.0      0220
 -120.2853   35.8067  9.8779e-01  5.1756e+00 -3.3580e-02  5.0000e-02  5.0000e-02  5.0000e-02  0.0000e+00  0.0000e+00  0.0000e+00       0.0       0.0      0221
 -120.9068   35.9333  1.2333e+00  5.8816e+00 -4.3793e-02  5.0000e-02  5.0000e-02  5.0000e-02  0.0000e+00  0.0000e+00  0.0000e+00       0.0       0.0      0222
 -120.6978   36.0248  1.4234e+00  5.5735e+00 -5.5474e-02  5.0000e-02  5.0000e-02  5.0000e-02  0.0000e+00  0.0000e+00  0.0000e+00       0.0       0.0      0223
 -120.8424   35.6971  8.3663e-01  5.8950e+00  3.0715e-02  5.0000e-02  5.0000e-02  5.0000e-02  0.0000e+00  0.0000e+00  0.0000e+00       0.0       0.0      0224
 -120.5519   35.9741  1.3288e+00  5.3823e+00  1.0100e-01  5.0000e-02  5.0000e-02  5.0000e-02  0.0000e+00  0.0000e+00  0.0000e+00       0.0       0.0      0225
 -120.2770   36.3044  1.7583e+00  5.1325e+00  6.9762e-02  5.0000e-02  5.0000e-02  5.0000e-02  0.0000e+00  0.0000e+00  0.0000e+00       0.0       0.0      0226
 -120.7431   36.8063  2.5326e+00  5.6683e+00  1.5782e-02  5.0000e-02  5.0000e-02  5.0000e-02  0.0000e+00  0.0000e+00  0.0000e+00       0.0       0.0      0227
 -120.6186   36.6347  2.2060e+00  5.5433e+00 -4.8100e-02  5.0000e-02  5.0000e-02  5.0000e-02  0.0000e+00  0.0000e+00  0.0000e+00       0.0       0.0      0228
 -120.7053   37.0544  2.7989e+00  5.5869e+00 -5.4814e-02  5.0000e-02  5.0000e-02  5.0000e-02  0.0000e+00  0.0000e+00  0.0000e+00       0.0       0.0      0229
 -120.3566   36.7390  2.4659e+00  5.2311e+00 -2.9299e-02  5.0000e-02  5.0000e-02  5.0000e-02  0.0000e+00  0.0000e+00  0.0000e+00       0.0       0.0      0230
 -120.1968   37.3522  3.3409e+00  5.0414e+00 -2.8166e-02  5.0000e-02  5.0000e-02  5.0000e-02  0.0000e+00  0.0000e+00  0.0000e+00       0.0       0.0      0231
 -120.0579   36.9473  2.7363e+00  4.8302e+00 -1.3899e-02  5.0000e-02  5.0000e-02  5.0000e-02  0.0000e+00  0.0000e+00  0.0000e+00       0.0       0.0      0232
 -117.3939   34.4624 -7.8846e-01  1.6433e+00 -6.8830e-02  5.0000e-02  5.0000e-02  5.0000e-02  0.0000e+00  0.0000e+00  0.0000e+00       0.0       0.0      0233
 -117.5409   33.5621 -2.0643e+00  1.9035e+00  1.3403e-02  5.0000e-02  5.0000e-02  5.0000e-02  0.0000e+00  0.0000e+00  0.0000e+00       0.0       0.0      0234
 -117.1047   32.8892 -3.1204e+00  1.4102e+00  6.5544e-02  5.0000e-02  5.0000e-02  5.0000e-02  0.0000e+00  0.0000e+00  0.0000e+00       0.0       0.0      0235
 -116.9495   32.7338 -3.2982e+00  1.1394e+00  7.8809e-03  5.0000e-02  5.0000e-02  5.0000e-02  0.0000e+00  0.0000e+00  0.0000e+00       0.0       0.0      0236
 -117.2487   33.3552 -2.3961e+00  1.5335e+00 -1.9627e-02  5.0000e-02  5.0000e-02  5.0000e-02  0.0000e+00  0.0000e+00  0.0000e+00       0.0       0.0      0237
 -117.1897   33.4396 -2.1845e+00  1.3492e+00  2.2000e-02  5.0000e-02  5.0000e-02  5.0000e-02  0.0000e+00  0.0000e+00  0.0000e+00       0.0       0.0      0238
 -117.1134   33.5028 -2.1393e+00  1.3291e+00 -5.3452e-02  5.0000e-02  5.0000e-02  5.0000e-02  0.0000e+00  0.0000e+00  0.0000e+00       0.0       0.0      0239
 -117.0716   33.2357 -2.6205e+00  1.3264e+00  3.6825e-02  5.0000e-02  5.0000e-02  5.0000e-02  0.0000e+00  0.0000e+00  0.0000e+00       0.0       0.0      0240
 -116.7829   33.4933 -2.2860e+00  8.8853e-01  9.7063e-02  5.0000e-02  5.0000e-02  5.0000e-02  0.0000e+00  0.0000e+00  0.0000e+00       0.0       0.0      0241
 -116.3485   32.9760 -2.8759e+00  3.9814e-01 -5.1558e-02  5.0000e-02  5.0000e-02  5.0000e-02  0.0000e+00  0.0000e+00  0.0000e+00       0.0       0.0      0242
 -116.6714   33.2402 -2.5703e+00  8.5425e-01 -5.4718e-03  5.0000e-02  5.0000e-02  5.0000e-02  0.0000e+00  0.0000e+00  0.0000e+00       0.0       0.0      0243
 -116.5693   33.0592 -2.8729e+00  6.8192e-01 -1.4003e-02  5.0000e-02  5.0000e-02  5.0000e-02  0.0000e+00  0.0000e+00  0.0000e+00       0.0       0.0      0244
 -116.6208   33.3756 -2.3375e+00  7.3314e-01 -8.1225e-03  5.0000e-02  5.0000e-02  5.0000e-02  0.0000e+00  0.0000e+00  0.0000e+00       0.0       0.0      0245
 -116.3223   33.2602 -2.5751e+00  3.6376e-01 -7.3842e-02  5.0000e-02  5.0000e-02  5.0000e-02  0.0000e+00  0.0000e+00  0.0000e+00       0.0       0.0      0246
 -116.2268   33.5747 -2.0970e+00  2.6545e-01  5.7085e-02  5.0000e-02  5.0000e-02  5.0000e-02  0.0000e+00  0.0000e+00  0.0000e+00       0.0       0.0      0247
 -115.7321   32.7597 -3.2812e+00 -4.2243e-01 -1.3535e-02  5.0000e-02  5.0000e-02  5.0000e-02  0.0000e+00  0.0000e+00  0.0000e+00       0.0       0.0      0248
 -115.6284   33.0450 -2.8612e+00 -3.7406e-01  9.1416e-02  5.0000e-02  5.0000e-02  5.0000e-02  0.0000e+00  0.0000e+00  0.0000e+00       0.0       0.0      0249
 -115.5959   32.7506 -3.3689e+00 -4.3104e-01  2.8005e-02  5.0000e-02  5.0000e-02  5.0000e-02  0.0000e+00  0.0000e+00  0.0000e+00       0.0       0.0      0250
 -115.5770   32.8347 -3.2237e+00 -5.7909e-01  2.4251e-02  5.0000e-02  5.0000e-02  5.0000e-02  0.0000e+00  0.0000e+00  0.0000e+00       0.0       0.0      0251
 -115.5696   32.8984 -3.1217e+00 -5.6271e-01  2.0073e-02  5.0000e-02  5.0000e-02  5.0000e-02  0.0000e+00  0.0000e+00  0.0000e+00       0.0       0.0      0252
 -115.4879   32.9796 -3.0290e+00 -6.5992e-01 -4.4660e-02  5.0000e-02  5.0000e-02  5.0000e-02  0.0000e+00  0.0000e+00  0.0000e+00       0.0       0.0      0253
 -115.2999   32.6900 -3.4650e+00 -8.3665e-01  3.8386e-02  5.0000e-02  5.0000e-02  5.0000e-02  0.0000e+00  0.0000e+00  0.0000e+00       0.0       0.0      0254
 -115.3979   32.8758 -3.0876e+00 -6.6501e-01  2.2715e-02  5.0000e-02  5.0000e-02  5.0000e-02  0.0000e+00  0.0000e+00  0.0000e+00       0.0       0.0      0255
 -115.4219   32.9825 -2.9472e+00 -7.9595e-01 -3.9307e-02  5.0000e-02  5.0000e-02  5.0000e-02  0.0000e+00  0.0000e+00  0.0000e+00       0.0       0.0      0256
 -115.7658   33.5164 -2.1268e+00 -3.5496e-01 -2.6550e-03  5.0000e-02  5.0000e-02  5.0000e-02  0.0000e+00  0.0000e+00  0.0000e+00       0.0       0.0      0257
 -115.5102   33.0814 -2.7878e+00 -5.5910e-01 -2.6279e-02  5.0000e-02  5.0000e-02  5.0000e-02  0.0000e+00  0.0000e+00  0.0000e+00       0.0       0.0      0258
 -115.6124   33.2000 -2.6393e+00 -3.9560e-01  9.3440e-03  5.0000e-02  5.0000e-02  5.0000e-02  0.0000e+00  0.0000e+00  0.0000e+00       0.0       0.0      0259
 -115.4287   33.2478 -2.6335e+00 -7.1806e-01 -2.2205e-02  5.0000e-02  5.0000e-02  5.0000e-02  0.0000e+00  0.0000e+00  0.0000e+00       0.0       0.0      0260
 -115.2939   32.8907 -3.0740e+00 -8.0774e-01  8.3615e-02  5.0000e-02  5.0000e-02  5.0000e-02  0.0000e+00  0.0000e+00  0.0000e+00       0.0       0.0      0261
 -115.3433   33.1436 -2.7118e+00 -8.0369e-01 -1.4740e-02  5.0000e-02  5.0000e-02  5.0000e-02  0.0000e+00  0.0000e+00  0.0000e+00       0.0       0.0      0262
 -115.2961   33.8869 -1.6252e+00 -8.3351e-01  1.2779e-02  5.0000e-02  5.0000e-02  5.0000e-02  0.0000e+00  0.0000e+00  0.0000e+00       0.0       0.0      0263
 -120.8697   35.6360  7.9454e-01  5.9133e+00 -5.9000e-02  5.0000e-02  5.0000e-02  5.0000e-02  0.0000e+00  0.0000e+00  0.0000e+00       0.0       0.0      0264
 -120.4804   35.6248  7.4617e-01  5.3333e+00 -3.5130e-02  5.0000e-02  5.0000e-02  5.0000e-02  0.0000e+00  0.0000e+00  0.0000e+00       0.0       0.0      0265
 -120.2670   35.6338  7.7994e-01  5.0948e+00 -6.9325e-03  5.0000e-02  5.0000e-02  5.0000e-02  0.0000e+00  0.0000e+00  0.0000e+00       0.0       0.0      0266
 -120.1820   35.7027  7.3028e-01  5.0111e+00  4.8040e-02  5.0000e-02  5.0000e-02  5.0000e-02  0.0000e+00  0.0000e+00  0.0000e+00       0.0       0.0      0267
 -120.0007   35.6867  9.1052e-01  4.8884e+00 -3.8024e-02  5.0000e-02  5.0000e-02  5.0000e-02  0.0000e+00  0.0000e+00  0.0000e+00       0.0       0.0      0268
 -119.7380   35.7313  9.5275e-01  4.4279e+00 -2.9243e-02  5.0000e-02  5.0000e-02  5.0000e-02  0.0000e+00  0.0000e+00  0.0000e+00       0.0       0.0      0269
 -119.9094   35.9347  1.2885e+00  4.7343e+00  5.4629e-02  5.0000e-02  5.0000e-02  5.0000e-02  0.0000e+00  0.0000e+00  0.0000e+00       0.0       0.0      0270
 -118.8790   34.8351 -3.5370e-01  3.4531e+00  1.1916e-03  5.0000e-02  5.0000e-02  5.0000e-02  0.0000e+00  0.0000e+00  0.0000e+00       0.0       0.0      0271
 -118.5455   34.7711 -3.6701e-01  3.0139e+00 -5.6794e-03  5.0000e-02  5.0000e-02  5.0000e-02  0.0000e+00  0.0000e+00  0.0000e+00       0.0       0.0      0272
 -118.6556   34.9444 -1.2935e-02  3.2024e+00  3.5827e-02  5.0000e-02  5.0000e-02  5.0000e-02  0.0000e+00  0.0000e+00  0.0000e+00       0.0       0.0      0273
 -118.6176   34.8389 -3.1682e-01  3.1135e+00 -3.8999e-02  5.0000e-02  5.0000e-02  5.0000e-02  0.0000e+00  0.0000e+00  0.0000e+00       0.0       0.0      0274
 -118.5409   34.8218 -2.3969e-01  3.0419e+00 -9.6159e-03  5.0000e-02  5.0000e-02  5.0000e-02  0.0000e+00  0.0000e+00  0.0000e+00       0.0       0.0      0275
 -118.3991   34.6185 -5.5379e-01  2.8941e+00 -3.1146e-06  5.0000e-02  5.0000e-02  5.0000e-02  0.0000e+00  0.0000e+00  0.0000e+00       0.0       0.0      0276
 -118.1887   34.9821 -1.1425e-01  2.6813e+00  7.7439e-02  5.0000e-02  5.0000e-02  5.0000e-02  0.0000e+00  0.0000e+00  0.0000e+00       0.0       0.0      0277
 -119.4212   35.4187  5.5200e-01  4.1422e+00 -8.6679e-02  5.0000e-02  5.0000e-02  5.0000e-02  0.0000e+00  0.0000e+00  0.0000e+00       0.0       0.0      0278
 -119.2366   35.7439  1.0744e+00  3.9429e+00 -7.1689e-02  5.0000e-02  5.0000e-02  5.0000e-02  0.0000e+00  0.0000e+00  0.0000e+00       0.0       0.0      0279
 -119.2293   36.3245  1.9292e+00  3.9292e+00  2.4499e-02  5.0000e-02  5.0000e-02  5.0000e-02  0.0000e+00  0.0000e+00  0.0000e+00       0.0       0.0      0280
 -118.7536   35.4209  7.0596e-01  3.2873e+00 -3.8750e-02  5.0000e-02  5.0000e-02  5.0000e-02  0.0000e+00  0.0000e+00  0.0000e+00       0.0       0.0      0281
 -118.7667   36.2314  1.7726e+00  3.2700e+00  2.6503e-02  5.0000e-02  5.0000e-02  5.0000e-02  0.0000e+00  0.0000e+00  0.0000e+00       0.0       0.0      0282
 -120.9700   35.6697  7.8384e-01  5.9925e+00  6.1474e-02  5.0000e-02  5.0000e-02  5.0000e-02  0.0000e+00  0.0000e+00  0.0000e+00       0.0       0.0      0283
 -117.3189   34.3046 -1.0257e+00  1.6000e+00 -3.4041e-02  5.0000e-02  5.0000e-02  5.0000e-02  0.0000e+00  0.0000e+00  0.0000e+00       0.0       0.0      0284
 -117.7290   34.5097 -8.0817e-01  2.1293e+00 -1.0742e-03  5.0000e-02  5.0000e-02  5.0000e-02  0.0000e+00  0.0000e+00  0.0000e+00       0.0       0.0      0285
 -117.5434   34.9870 -6.8049e-02  1.8667e+00 -4.0984e-02  5.0000e-02  5.0000e-02  5.0000e-02  0.0000e+00  0.0000e+00  0.0000e+00       0.0       0.0      0286
 -116.9516   33.8926 -1.7908e+00  1.1752e+00 -1.3565e-02  5.0000e-02  5.0000e-02  5.0000e-02  0.0000e+00  0.0000e+00  0.0000e+00       0.0       0.0      0287
 -117.2805   34.5348 -6.3665e-01  1.5837e+00  8.4080e-02  5.0000e-02  5.0000e-02  5.0000e-02  0.0000e+00  0.0000e+00  0.0000e+00       0.0       0.0      0288
 -117.2676   34.7854 -3.7777e-01  1.5342e+00 -3.3065e-02  5.0000e-02  5.0000e-02  5.0000e-02  0.0000e+00  0.0000e+00  0.0000e+00       0.0       0.0      0289
 -117.1102   34.6207 -5.7696e-01  1.3614e+00  2.0276e-02  5.0000e-02  5.0000e-02  5.0000e-02  0.0000e+00  0.0000e+00  0.0000e+00       0.0       0.0      0290
 -118.0165   35.1524  1.6329e-01  2.4525e+00 -4.7727e-02  5.0000e-02  5.0000e-02  5.0000e-02  0.0000e+00  0.0000e+00  0.0000e+00       0.0       0.0      0291
 -117.3901   35.8967  1.3508e+00  1.6433e+00  4.8119e-03  5.0000e-02  5.0000e-02  5.0000e-02  0.0000e+00  0.0000e+00  0.0000e+00       0.0       0.0      0292
 -117.4028   35.6976  9.9617e-01  1.6351e+00 -2.3658e-02  5.0000e-02  5.0000e-02  5.0000e-02  0.0000e+00  0.0000e+00  0.0000e+00       0.0       0.0      0293
 -116.2119   33.8658 -1.6838e+00  3.1097e-01  5.8597e-02  5.0000e-02  5.0000e-02  5.0000e-02  0.0000e+00  0.0000e+00  0.0000e+00       0.0       0.0      0294
 -116.8796   34.4621 -8.7992e-01  1.0820e+00 -6.1999e-02  5.0000e-02  5.0000e-02  5.0000e-02  0.0000e+00  0.0000e+00  0.0000e+00       0.0       0.0      0295
 -117.3155   34.1874 -1.1643e+00  1.5817e+00 -4.0084e-02  5.0000e-02  5.0000e-02  5.0000e-02  0.0000e+00  0.0000e+00  0.0000e+00       0.0       0.0      0296
 -116.1039   35.1419  2.4539e-01  8.3365e-02 -3.0968e-02  5.0000e-02  5.0000e-02  5.0000e-02  0.0000e+00  0.0000e+00  0.0000e+00       0.0       0.0      0297
 -115.5439   35.4728  6.5332e-01 -4.7235e-01 -1.1058e-02  5.0000e-02  5.0000e-02  5.0000e-02  0.0000e+00  0.0000e+00  0.0000e+00       0.0       0.0      0298
 -115.3659   35.1630  2.2788e-01 -8.0379e-01 -1.5474e-03  5.0000e-02  5.0000e-02  5.0000e-02  0.0000e+00  0.0000e+00  0.0000e+00       0.0       0.0      0299
 -114.5994   34.1889 -1.2190e+00 -1.7077e+00  1.7032e-02  5.0000e-02  5.0000e-02  5.0000e-02  0.0000e+00  0.0000e+00  0.0000e+00       0.0       0.0      0300
 -115.2383   35.2911  4.8618e-01 -1.0014e+00  7.1526e-02  5.0000e-02  5.0000e-02  5.0000e-02  0.0000e+00  0.0000e+00  0.0000e+00       0.0       0.0      0301
 -117.9226   34.5082 -7.4166e-01  2.3400e+00 -5.7967e-02  5.0000e-02  5.0000e-02  5.0000e-02  0.0000e+00  0.0000e+00  0.0000e+00       0.0       0.0      0302
 -116.6864   36.9018  2.8217e+00  7.9756e-01  7.3634e-02  5.0000e-02  5.0000e-02  5.0000e-02  0.0000e+00  0.0000e+00  0.0000e+00       0.0       0.0      0303
 -117.6945   34.9254 -1.6095e-01  2.0963e+00 -1.8515e-02  5.0000e-02  5.0000e-02  5.0000e-02  0.0000e+00  0.0000e+00  0.0000e+00       0.0       0.0      0304
 -116.4582   33.6122 -2.0165e+00  5.8797e-01 -3.2748e-02  5.0000e-02  5.0000e-02  5.0000e-02  0.0000e+00  0.0000e+00  0.0000e+00       0.0       0.0      0305
 -116.4576   33.6121 -2.0901e+00  6.0462e-01  6.1895e-02  5.0000e-02  5.0000e-02  5.0000e-02  0.0000e+00  0.0000e+00  0.0000e+00       0.0       0.0      0306
 -120.5416   35.9452  1.1327e+00  5.4563e+00 -1.5760e-02  5.0000e-02  5.0000e-02  5.0000e-02  0.0000e+00  0.0000e+00  0.0000e+00       0.0       0.0      0307
 -118.2329   34.0716 -1.4369e+00  2.7125e+00  1.4705e-02  5.0000e-02  5.0000e-02  5.0000e-02  0.0000e+00  0.0000e+00  0.0000e+00       0.0       0.0      0308
 -117.2430   32.6654 -3.4405e+00  1.4393e+00  3.1550e-02  5.0000e-02  5.0000e-02  5.0000e-02  0.0000e+00  0.0000e+00  0.0000e+00       0.0       0.0      0309
 -118.1537   33.9026 -1.6294e+00  2.5456e+00 -6.6561e-02  5.0000e-02  5.0000e-02  5.0000e-02  0.0000e+00  0.0000e+00  0.0000e+00       0.0       0.0      0310
 -116.8595   33.3572 -2.3827e+00  1.0865e+00  1.1339e-01  5.0000e-02  5.0000e-02  5.0000e-02  0.0000e+00  0.0000e+00  0.0000e+00       0.0       0.0      0311
 -119.0569   37.8314  4.1210e+00  3.6440e+00 -6.1352e-02  5.0000e-02  5.0000e-02  5.0000e-02  0.0000e+00  0.0000e+00  0.0000e+00       0.0       0.0      0312
 -116.1198   36.5796  2.3701e+00  4.2515e-03  4.6643e-02  5.0000e-02  5.0000e-02  5.0000e-02  0.0000e+00  0.0000e+00  0.0000e+00       0.0       0.0      0313
 -120.4784   35.9199  1.3906e+00  5.4185e+00 -5.0638e-02  5.0000e-02  5.0000e-02  5.0000e-02  0.0000e+00  0.0000e+00  0.0000e+00       0.0       0.0      0314
 -117.1821   33.8357 -1.6803e+00  1.4524e+00  5.1431e-02  5.0000e-02  5.0000e-02  5.0000e-02  0.0000e+00  0.0000e+00  0.0000e+00       0.0       0.0      0315
 -116.4940   33.8192 -1.7700e+00  6.1288e-01 -3.4238e-02  5.0000e-02  5.0000e-02  5.0000e-02  0.0000e+00  0.0000e+00  0.0000e+00       0.0       0.0      0316
 -117.8071   34.0918 -1.3633e+00  2.1114e+00 -1.7876e-02  5.0000e-02  5.0000e-02  5.0000e-02  0.0000e+00  0.0000e+00  0.0000e+00       0.0       0.0      0317
 -118.4043   33.7433 -1.8897e+00  2.8720e+00 -3.3667e-02  5.0000e-02  5.0000e-02  5.0000e-02  0.0000e+00  0.0000e+00  0.0000e+00       0.0       0.0      0318
 -118.3722   33.7795 -1.9113e+00  2.7736e+00 -9.0071e-02  5.0000e-02  5.0000e-02  5.0000e-02  0.0000e+00  0.0000e+00  0.0000e+00       0.0       0.0      0319
 -118.3206   33.7739 -1.8015e+00  2.7894e+00 -7.4870e-03  5.0000e-02  5.0000e-02  5.0000e-02  0.0000e+00  0.0000e+00  0.0000e+00       0.0       0.0      0320
 -118.2448   34.6287 -6.3402e-01  2.7447e+00  1.2956e-02  5.0000e-02  5.0000e-02  5.0000e-02  0.0000e+00  0.0000e+00  0.0000e+00       0.0       0.0      0321
 -116.9172   33.0422 -2.9169e+00  1.0245e+00  1.8127e-02  5.0000e-02  5.0000e-02  5.0000e-02  0.0000e+00  0.0000e+00  0.0000e+00       0.0       0.0      0322
 -117.6833   35.3387  3.5355e-01  2.0408e+00 -3.4126e-02  5.0000e-02  5.0000e-02  5.0000e-02  0.0000e+00  0.0000e+00  0.0000e+00       0.0       0.0      0323
 -119.7200   34.5000 -8.5128e-01  4.5199e+00  4.9458e-02  5.0000e-02  5.0000e-02  5.0000e-02  0.0000e+00  0.0000e+00  0.0000e+00       0.0       0.0      0324
 -116.6247   34.6439 -5.6156e-01  7.2714e-01 -3.0267e-02  5.0000e-02  5.0000e-02  5.0000e-02  0.0000e+00  0.0000e+00  0.0000e+00       0.0       0.0      0325
 -118.8979   37.6771  3.8974e+00  3.4380e+00 -9.8286e-03  5.0000e-02  5.0000e-02  5.0000e-02  0.0000e+00  0.0000e+00  0.0000e+00       0.0       0.0      0326
 -116.5543   36.7154  2.5697e+00  6.8459e-01  2.8771e-02  5.0000e-02  5.0000e-02  5.0000e-02  0.0000e+00  0.0000e+00  0.0000e+00       0.0       0.0      0327
 -116.4683   36.8404  2.6883e+00  5.3434e-01 -6.5032e-03  5.0000e-02  5.0000e-02  5.0000e-02  0.0000e+00  0.0000e+00  0.0000e+00       0.0       0.0      0328
 -118.0262   34.0190 -1.5757e+00  2.4064e+00 -5.3717e-02  5.0000e-02  5.0000e-02  5.0000e-02  0.0000e+00  0.0000e+00  0.0000e+00       0.0       0.0      0329
 -120.5248   35.9000  1.1203e+00  5.3869e+00  1.1456e-01  5.0000e-02  5.0000e-02  5.0000e-02  0.0000e+00  0.0000e+00  0.0000e+00       0.0       0.0      0330
 -116.6098   33.6110 -2.0576e+00  7.8154e-01 -8.4876e-02  5.0000e-02  5.0000e-02  5.0000e-02  0.0000e+00  0.0000e+00  0.0000e+00       0.0       0.0      0331
 -118.6764   34.2357 -1.1008e+00  3.1698e+00  1.9860e-02  5.0000e-02  5.0000e-02  5.0000e-02  0.0000e+00  0.0000e+00  0.0000e+00       0.0       0.0      0332
 -117.0855   36.2179  1.7834e+00  1.1921e+00  5.8388e-02  5.0000e-02  5.0000e-02  5.0000e-02  0.0000e+00  0.0000e+00  0.0000e+00       0.0       0.0      0333
 -118.1929   34.8751 -1.7737e-01  2.6586e+00 -3.9515e-02  5.0000e-02  5.0000e-02  5.0000e-02  0.0000e+00  0.0000e+00  0.0000e+00       0.0       0.0      0334
 -119.1844   34.5415 -7.5068e-01  3.8392e+00  5.9289e-02  5.0000e-02  5.0000e-02  5.0000e-02  0.0000e+00  0.0000e+00  0.0000e+00       0.0       0.0      0335
 -117.3533   34.0891 -1.2527e+00  1.7059e+00 -8.7710e-03  5.0000e-02  5.0000e-02  5.0000e-02  0.0000e+00  0.0000e+00  0.0000e+00       0.0       0.0      0336
 -116.6501   36.3163  1.8789e+00  6.3033e-01  2.3989e-02  5.0000e-02  5.0000e-02  5.0000e-02  0.0000e+00  0.0000e+00  0.0000e+00       0.0       0.0      0337
 -121.5583   37.6665  3.7485e+00  6.7334e+00  4.3039e-02  5.0000e-02  5.0000e-02  5.0000e-02  0.0000e+00  0.0000e+00  0.0000e+00       0.0       0.0      0338
 -117.8956   33.7432 -1.8259e+00  2.2993e+00  5.6672e-02  5.0000e-02  5.0000e-02  5.0000e-02  0.0000e+00  0.0000e+00  0.0000e+00       0.0       0.0      0339
 -121.4472   36.7653  2.4672e+00  6.5656e+00 -1.5200e-01  5.0000e-02  5.0000e-02  5.0000e-02  0.0000e+00  0.0000e+00  0.0000e+00       0.0       0.0      0340
 -118.9532   37.6899  3.9128e+00  3.4980e+00 -2.0725e-02  5.0000e-02  5.0000e-02  5.0000e-02  0.0000e+00  0.0000e+00  0.0000e+00       0.0       0.0      0341
 -117.6615   33.5530 -2.1622e+00  1.9812e+00  4.7325e-02  5.0000e-02  5.0000e-02  5.0000e-02  0.0000e+00  0.0000e+00  0.0000e+00       0.0       0.0      0342
 -117.3883   34.6074 -6.5626e-01  1.6526e+00  2.6914e-02  5.0000e-02  5.0000e-02  5.0000e-02  0.0000e+00  0.0000e+00  0.0000e+00       0.0       0.0      0343
 -118.4879   32.9144 -3.0779e+00  2.9096e+00 -5.9362e-02  5.0000e-02  5.0000e-02  5.0000e-02  0.0000e+00  0.0000e+00  0.0000e+00       0.0       0.0      0344
 -117.6346   33.4441 -2.2616e+00  1.9903e+00  8.9391e-03  5.0000e-02  5.0000e-02  5.0000e-02  0.0000e+00  0.0000e+00  0.0000e+00       0.0       0.0      0345
 -116.2789   34.2550 -1.0843e+00  3.9473e-01 -1.4223e-02  5.0000e-02  5.0000e-02  5.0000e-02  0.0000e+00  0.0000e+00  0.0000e+00       0.0       0.0      0346
 -118.7545   34.4598 -9.1847e-01  3.2366e+00 -3.3139e-02  5.0000e-02  5.0000e-02  5.0000e-02  0.0000e+00  0.0000e+00  0.0000e+00       0.0       0.0      0347
 -117.8617   34.2056 -1.2221e+00  2.2295e+00  1.9152e-02  5.0000e-02  5.0000e-02  5.0000e-02  0.0000e+00  0.0000e+00  0.0000e+00       0.0       0.0      0348
 -118.1090   34.0886 -1.3280e+00  2.5527e+00 -4.1987e-02  5.0000e-02  5.0000e-02  5.0000e-02  0.0000e+00  0.0000e+00  0.0000e+00       0.0       0.0      0349
 -116.6957   33.9125 -1.7168e+00  9.4386e-01 -7.5368e-03  5.0000e-02  5.0000e-02  5.0000e-02  0.0000e+00  0.0000e+00  0.0000e+00       0.0       0.0      0350
 -116.2990   35.9713  1.4219e+00  3.3094e-01  5.5067e-02  5.0000e-02  5.0000e-02  5.0000e-02  0.0000e+00  0.0000e+00  0.0000e+00       0.0       0.0      0351
 -116.0156   34.6243 -5.7332e-01  1.4928e-02 -3.7532e-02  5.0000e-02  5.0000e-02  5.0000e-02  0.0000e+00  0.0000e+00  0.0000e+00       0.0       0.0      0352
 -118.2639   34.1029 -1.2891e+00  2.6210e+00  1.3910e-02  5.0000e-02  5.0000e-02  5.0000e-02  0.0000e+00  0.0000e+00  0.0000e+00       0.0       0.0      0353
 -117.2504   32.8647 -3.1489e+00  1.4165e+00 -1.2352e-02  5.0000e-02  5.0000e-02  5.0000e-02  0.0000e+00  0.0000e+00  0.0000e+00       0.0       0.0      0354
 -117.2497   32.8407 -3.1558e+00  1.4609e+00  1.1627e-03  5.0000e-02  5.0000e-02  5.0000e-02  0.0000e+00  0.0000e+00  0.0000e+00       0.0       0.0      0355
 -116.2106   36.7305  2.5366e+00  3.1068e-01 -2.4183e-02  5.0000e-02  5.0000e-02  5.0000e-02  0.0000e+00  0.0000e+00  0.0000e+00       0.0       0.0      0356
 -115.9778   33.2922 -2.5022e+00  4.1597e-02  1.5685e-02  5.0000e-02  5.0000e-02  5.0000e-02  0.0000e+00  0.0000e+00  0.0000e+00       0.0       0.0      0357
 -115.5875   36.3196  1.9612e+00 -5.0338e-01 -1.1197e-01  5.0000e-02  5.0000e-02  5.0000e-02  0.0000e+00  0.0000e+00  0.0000e+00       0.0       0.0      0358
 -117.9286   33.9273 -1.5970e+00  2.3025e+00 -5.8459e-03  5.0000e-02  5.0000e-02  5.0000e-02  0.0000e+00  0.0000e+00  0.0000e+00       0.0       0.0      0359
 -119.5244   33.2479 -2.6750e+00  4.2201e+00 -9.1018e-03  5.0000e-02  5.0000e-02  5.0000e-02  0.0000e+00  0.0000e+00  0.0000e+00       0.0       0.0      0360
 -121.9255   37.1664  3.0065e+00  7.0878e+00  6.9100e-02  5.0000e-02  5.0000e-02  5.0000e-02  0.0000e+00  0.0000e+00  0.0000e+00       0.0       0.0      0361
 -119.0643   34.3199 -1.0693e+00  3.7328e+00  4.6585e-02  5.0000e-02  5.0000e-02  5.0000e-02  0.0000e+00  0.0000e+00  0.0000e+00       0.0       0.0      0362
 -118.6462   34.0593 -1.4657e+00  3.1504e+00 -4.1324e-02  5.0000e-02  5.0000e-02  5.0000e-02  0.0000e+00  0.0000e+00  0.0000e+00       0.0       0.0      0363
 -117.8488   33.9927 -1.4567e+00  2.1705e+00 -2.5325e-02  5.0000e-02  5.0000e-02  5.0000e-02  0.0000e+00  0.0000e+00  0.0000e+00       0.0       0.0      0364
 -120.0652   34.0043 -1.4450e+00  4.8333e+00 -1.2771e-02  5.0000e-02  5.0000e-02  5.0000e-02  0.0000e+00  0.0000e+00  0.0000e+00       0.0       0.0      0365
 -116.3378   36.6446  2.3815e+00  3.9842e-01  1.0906e-02  5.0000e-02  5.0000e-02  5.0000e-02  0.0000e+00  0.0000e+00  0.0000e+00       0.0       0.0      0366
 -117.6783   34.3818 -9.0454e-01  1.9733e+00  4.5203e-02  5.0000e-02  5.0000e-02  5.0000e-02  0.0000e+00  0.0000e+00  0.0000e+00       0.0       0.0      0367
 -116.5743   36.9316  2.7026e+00  6.8440e-01  3.0691e-03  5.0000e-02  5.0000e-02  5.0000e-02  0.0000e+00  0.0000e+00  0.0000e+00       0.0       0.0      0368
 -120.3603   35.9174  1.1602e+00  5.2441e+00 -6.7454e-03  5.0000e-02  5.0000e-02  5.0000e-02  0.0000e+00  0.0000e+00  0.0000e+00       0.0       0.0      0369
 -121.9355   37.3515  3.1249e+00  7.0561e+00 -6.4453e-02  5.0000e-02  5.0000e-02  5.0000e-02  0.0000e+00  0.0000e+00  0.0000e+00       0.0       0.0      0370
 -118.4146   35.1582  1.7564e-01  2.9122e+00 -5.7422e-02  5.0000e-02  5.0000e-02  5.0000e-02  0.0000e+00  0.0000e+00  0.0000e+00       0.0       0.0      0371
 -118.8629   37.6189  3.7634e+00  3.5271e+00  2.8707e-02  5.0000e-02  5.0000e-02  5.0000e-02  0.0000e+00  0.0000e+00  0.0000e+00       0.0       0.0      0372
 -116.2297   36.9348  2.7230e+00  3.0492e-01  4.5293e-02  5.0000e-02  5.0000e-02  5.0000e-02  0.0000e+00  0.0000e+00  0.0000e+00       0.0       0.0      0373
 -120.1326   34.4835 -8.0400e-01  4.9451e+00 -1.1647e-02  5.0000e-02  5.0000e-02  5.0000e-02  0.0000e+00  0.0000e+00  0.0000e+00       0.0       0.0      0374
 -116.1605   33.6412 -1.9436e+00  2.9921e-01 -2.8935e-02  5.0000e-02  5.0000e-02  5.0000e-02  0.0000e+00  0.0000e+00  0.0000e+00       0.0       0.0      0375
 -118.3306   33.7978 -1.8369e+00  2.8115e+00  6.3443e-02  5.0000e-02  5.0000e-02  5.0000e-02  0.0000e+00  0.0000e+00  0.0000e+00       0.0       0.0      0376
 -118.8367   34.2480 -1.1286e+00  3.4055e+00  5.7782e-02  5.0000e-02  5.0000e-02  5.0000e-02  0.0000e+00  0.0000e+00  0.0000e+00       0.0       0.0      0377
 -117.8034   33.6179 -2.0638e+00  2.1221e+00 -7.0427e-02  5.0000e-02  5.0000e-02  5.0000e-02  0.0000e+00  0.0000e+00  0.0000e+00       0.0       0.0      0378
 -116.5305   34.8386 -1.6440e-01  5.8544e-01 -3.2763e-02  5.0000e-02  5.0000e-02  5.0000e-02  0.0000e+00  0.0000e+00  0.0000e+00       0.0       0.0      0379
 -117.7255   33.9725 -1.5335e+00  2.1043e+00  2.8636e-02  5.0000e-02  5.0000e-02  5.0000e-02  0.0000e+00  0.0000e+00  0.0000e+00       0.0       0.0      0380
 -118.4419   34.0691 -1.3594e+00  2.9581e+00  1.0144e-04  5.0000e-02  5.0000e-02  5.0000e-02  0.0000e+00  0.0000e+00  0.0000e+00       0.0       0.0      0381
 -119.8438   34.4133 -8.4726e-01  4.5178e+00  1.0118e-02  5.0000e-02  5.0000e-02  5.0000e-02  0.0000e+00  0.0000e+00  0.0000e+00       0.0       0.0      0382
 -118.2851   34.0239 -1.4542e+00  2.7919e+00 -2.5311e-02  5.0000e-02  5.0000e-02  5.0000e-02  0.0000e+00  0.0000e+00  0.0000e+00       0.0       0.0      0383
 -116.0853   33.0301 -2.8924e+00  8.1380e-02 -3.1327e-02  5.0000e-02  5.0000e-02  5.0000e-02  0.0000e+00  0.0000e+00  0.0000e+00       0.0       0.0      0384
 -120.6611   35.3118  2.6526e-01  5.6210e+00  2.0595e-02  5.0000e-02  5.0000e-02  5.0000e-02  0.0000e+00  0.0000e+00  0.0000e+00       0.0       0.0      0385
 -120.5635   34.8266 -3.7074e-01  5.4993e+00 -8.5116e-02  5.0000e-02  5.0000e-02  5.0000e-02  0.0000e+00  0.0000e+00  0.0000e+00       0.0       0.0      0386
 -119.4839   34.8515 -3.8514e-01  3.9966e+00  2.5940e-02  5.0000e-02  5.0000e-02  5.0000e-02  0.0000e+00  0.0000e+00  0.0000e+00       0.0       0.0      0387
 -118.2200   34.1786 -1.2439e+00  2.7383e+00 -9.9289e-03  5.0000e-02  5.0000e-02  5.0000e-02  0.0000e+00  0.0000e+00  0.0000e+00       0.0       0.0      0388
 -118.5144   34.1264 -1.2681e+00  2.9634e+00  4.9769e-03  5.0000e-02  5.0000e-02  5.0000e-02  0.0000e+00  0.0000e+00  0.0000e+00       0.0       0.0      0389
 -119.2377   34.2758 -1.1408e+00  3.8661e+00  4.6574e-03  5.0000e-02  5.0000e-02  5.0000e-02  0.0000e+00  0.0000e+00  0.0000e+00       0.0       0.0      0390
 -118.4845   34.2932 -1.0697e+00  2.9921e+00  5.1950e-02  5.0000e-02  5.0000e-02  5.0000e-02  0.0000e+00  0.0000e+00  0.0000e+00       0.0       0.0      0391
 -120.6164   34.5563 -9.0548e-01  5.5550e+00  2.3368e-02  5.0000e-02  5.0000e-02  5.0000e-02  0.0000e+00  0.0000e+00  0.0000e+00       0.0       0.0      0392
 -118.1212   34.5015 -7.9372e-01  2.5962e+00  4.9228e-03  5.0000e-02  5.0000e-02  5.0000e-02  0.0000e+00  0.0000e+00  0.0000e+00       0.0       0.0      0393
 -118.2938   33.7126 -1.8594e+00  2.7676e+00 -9.9573e-04  5.0000e-02  5.0000e-02  5.0000e-02  0.0000e+00  0.0000e+00  0.0000e+00       0.0       0.0      0394
 -117.9920   34.0309 -1.4539e+00  2.4547e+00  1.2722e-02  5.0000e-02  5.0000e-02  5.0000e-02  0.0000e+00  0.0000e+00  0.0000e+00       0.0       0.0      0395
 -118.6539   37.6643  3.9266e+00  3.2898e+00  1.0125e-02  5.0000e-02  5.0000e-02  5.0000e-02  0.0000e+00  0.0000e+00  0.0000e+00       0.0       0.0      0396
 -117.9111   34.0619 -1.3741e+00  2.3838e+00  3.5731e-02  5.0000e-02  5.0000e-02  5.0000e-02  0.0000e+00  0.0000e+00  0.0000e+00       0.0       0.0      0397
 -118.9837   35.0108 -6.8148e-02  3.6101e+00  3.3879e-02  5.0000e-02  5.0000e-02  5.0000e-02  0.0000e+00  0.0000e+00  0.0000e+00       0.0       0.0      0398
 -118.0312   33.9799 -1.4430e+00  2.5839e+00  4.5723e-02  5.0000e-02  5.0000e-02  5.0000e-02  0.0000e+00  0.0000e+00  0.0000e+00       0.0       0.0      0399
 -117.6435   33.6745 -2.0032e+00  1.9948e+00 -6.3091e-02  5.0000e-02  5.0000e-02  5.0000e-02  0.0000e+00  0.0000e+00  0.0000e+00       0.0       0.0      0400
 -116.3918   33.9348 -1.5450e+00  4.7874e-01  2.0077e-02  5.0000e-02  5.0000e-02  5.0000e-02  0.0000e+00  0.0000e+00  0.0000e+00       0.0       0.0      0401
 -118.7415   34.5685 -7.5974e-01  3.3031e+00  4.5243e-02  5.0000e-02  5.0000e-02  5.0000e-02  0.0000e+00  0.0000e+00  0.0000e+00       0.0       0.0      0402
 -118.0559   34.2261 -1.1649e+00  2.5118e+00  5.6342e-02  5.0000e-02  5.0000e-02  5.0000e-02  0.0000e+00  0.0000e+00  0.0000e+00       0.0       0.0      0403
 -118.4143   34.2594 -1.0413e+00  2.8866e+00  2.7329e-02  5.0000e-02  5.0000e-02  5.0000e-02  0.0000e+00  0.0000e+00  0.0000e+00       0.0       0.0      0404
 -118.0593   34.0432 -1.4699e+00  2.4395e+00 -1.2969e-02  5.0000e-02  5.0000e-02  5.0000e-02  0.0000e+00  0.0000e+00  0.0000e+00       0.0       0.0      0405
 -116.9317   34.6690 -4.8100e-01  1.1215e+00  4.2780e-02  5.0000e-02  5.0000e-02  5.0000e-02  0.0000e+00  0.0000e+00  0.0000e+00       0.0       0.0      0406
 -118.4276   33.9582 -1.5586e+00  2.8512e+00 -8.2996e-02  5.0000e-02  5.0000e-02  5.0000e-02  0.0000e+00  0.0000e+00  0.0000e+00       0.0       0.0      0407
 -116.6539   33.9553 -1.5662e+00  7.4212e-01 -6.2789e-02  5.0000e-02  5.0000e-02  5.0000e-02  0.0000e+00  0.0000e+00  0.0000e+00       0.0       0.0      0408
