       lon       lat          ve          vn          vu          se          sn          su         ren         reu         rnu     start    finish      name
 -117.0932   34.1164  9.3910e+00 -6.5556e+00  1.1804e-01  5.0000e-01  5.0000e-01  5.0000e-01  0.0000e+00  0.0000e+00  0.0000e+00       0.0       0.0      0001
 -116.4294   34.5943  1.2271e+01 -1.0057e+01 -3.1867e-01  5.0000e-01  5.0000e-01  5.0000e-01  0.0000e+00  0.0000e+00  0.0000e+00       0.0       0.0      0002
 -115.1585   37.3580  1.3505e+01 -1.0798e+01 -4.7652e-01  5.0000e-01  5.0000e-01  5.0000e-01  0.0000e+00  0.0000e+00  0.0000e+00       0.0       0.0      0003
 -118.6948   34.8245 -1.0393e+00  4.3286e-01  5.7849e-01  5.0000e-01  5.0000e-01  5.0000e-01  0.0000e+00  0.0000e+00  0.0000e+00       0.0       0.0      0004
 -119.3635   34.0150 -1.3756e+01  8.9014e+00 -1.0757e-01  5.0000e-01  5.0000e-01  5.0000e-01  0.0000e+00  0.0000e+00  0.0000e+00       0.0       0.0      0005
 -118.8303   34.1574 -1.3406e+01  8.5517e+00  5.1134e-01  5.0000e-01  5.0000e-01  5.0000e-01  0.0000e+00  0.0000e+00  0.0000e+00       0.0       0.0      0006
 -114.9318   36.3191  1.2749e+01 -1.0431e+01  2.2161e-01  5.0000e-01  5.0000e-01  5.0000e-01  0.0000e+00  0.0000e+00  0.0000e+00       0.0       0.0      0007
 -117.5219   36.0500  1.3326e+01 -8.7166e+00 -3.9429e-01  5.0000e-01  5.0000e-01  5.0000e-01  0.0000e+00  0.0000e+00  0.0000e+00       0.0       0.0      0008
 -118.9104   35.2013  8.7353e+00 -7.1296e+00  6.5496e-01  5.0000e-01  5.0000e-01  5.0000e-01  0.0000e+00  0.0000e+00  0.0000e+00       0.0       0.0      0009
 -117.1540   34.4683  1.2161e+01 -9.0956e+00  8.3669e-02  5.0000e-01  5.0000e-01  5.0000e-01  0.0000e+00  0.0000e+00  0.0000e+00       0.0       0.0      0010
 -116.6297   33.5401 -7.6834e-01  3.8978e-01  3.7323e-01  5.0000e-01  5.0000e-01  5.0000e-01  0.0000e+00  0.0000e+00  0.0000e+00       0.0       0.0      0011
 -117.8965   34.1260 -7.7541e+00  6.3792e+00 -4.3915e-01  5.0000e-01  5.0000e-01  5.0000e-01  0.0000e+00  0.0000e+00  0.0000e+00       0.0       0.0      0012
 -118.9014   37.7834  1.3791e+01 -9.6740e+00 -7.0094e-02  5.0000e-01  5.0000e-01  5.0000e-01  0.0000e+00  0.0000e+00  0.0000e+00       0.0       0.0      0013
 -119.0297   33.4804 -1.3998e+01  9.0553e+00  1.6268e-01  5.0000e-01  5.0000e-01  5.0000e-01  0.0000e+00  0.0000e+00  0.0000e+00       0.0       0.0      0014
 -119.9815   34.5822 -1.2823e+01  8.3601e+00  9.4051e-02  5.0000e-01  5.0000e-01  5.0000e-01  0.0000e+00  0.0000e+00  0.0000e+00       0.0       0.0      0015
 -116.8842   34.2643  1.0502e+01 -8.6026e+00 -4.3795e-02  5.0000e-01  5.0000e-01  5.0000e-01  0.0000e+00  0.0000e+00  0.0000e+00       0.0       0.0      0016
 -119.4058   34.9205 -1.0587e+01  6.7188e+00 -4.6829e-01  5.0000e-01  5.0000e-01  5.0000e-01  0.0000e+00  0.0000e+00  0.0000e+00       0.0       0.0      0017
 -116.6211   37.0399  1.3875e+01 -1.1033e+01  4.0334e-01  5.0000e-01  5.0000e-01  5.0000e-01  0.0000e+00  0.0000e+00  0.0000e+00       0.0       0.0      0018
 -115.9982   34.0005  1.2358e+01 -9.8337e+00 -3.3175e-01  5.0000e-01  5.0000e-01  5.0000e-01  0.0000e+00  0.0000e+00  0.0000e+00       0.0       0.0      0019
 -118.0741   35.8784  1.3480e+01 -1.0034e+01 -3.2775e-01  5.0000e-01  5.0000e-01  5.0000e-01  0.0000e+00  0.0000e+00  0.0000e+00       0.0       0.0      0020
 -118.1597   33.9671 -1.1382e+01  9.2156e+00 -1.8343e-01  5.0000e-01  5.0000e-01  5.0000e-01  0.0000e+00  0.0000e+00  0.0000e+00       0.0       0.0      0021
 -117.0646   33.5782 -9.0327e+00  5.9251e+00  4.4082e-01  5.0000e-01  5.0000e-01  5.0000e-01  0.0000e+00  0.0000e+00  0.0000e+00       0.0       0.0      0022
 -116.0804   35.2870  1.3340e+01 -9.7692e+00  3.6958e-01  5.0000e-01  5.0000e-01  5.0000e-01  0.0000e+00  0.0000e+00  0.0000e+00       0.0       0.0      0023
 -118.0947   33.9623 -1.1035e+01  8.2276e+00 -2.7012e-01  5.0000e-01  5.0000e-01  5.0000e-01  0.0000e+00  0.0000e+00  0.0000e+00       0.0       0.0      0024
 -119.1095   35.1324  1.9477e+00 -1.8377e+00  7.6979e-02  5.0000e-01  5.0000e-01  5.0000e-01  0.0000e+00  0.0000e+00  0.0000e+00       0.0       0.0      0025
 -118.0287   33.7995 -1.1775e+01  8.7277e+00 -2.4337e-01  5.0000e-01  5.0000e-01  5.0000e-01  0.0000e+00  0.0000e+00  0.0000e+00       0.0       0.0      0026
 -114.7148   33.6104  1.2944e+01 -9.0978e+00 -5.3571e-01  5.0000e-01  5.0000e-01  5.0000e-01  0.0000e+00  0.0000e+00  0.0000e+00       0.0       0.0      0027
 -116.0530   34.2514  1.3226e+01 -9.1284e+00 -1.5726e-01  5.0000e-01  5.0000e-01  5.0000e-01  0.0000e+00  0.0000e+00  0.0000e+00       0.0       0.0      0028
 -116.9847   33.9627  7.8830e+00 -5.4378e+00  4.4228e-01  5.0000e-01  5.0000e-01  5.0000e-01  0.0000e+00  0.0000e+00  0.0000e+00       0.0       0.0      0029
 -118.2770   34.1849 -9.5023e+00  7.3405e+00  1.0891e-01  5.0000e-01  5.0000e-01  5.0000e-01  0.0000e+00  0.0000e+00  0.0000e+00       0.0       0.0      0030
 -118.5768   34.6823 -3.8709e+00  2.3144e+00  1.5626e-02  5.0000e-01  5.0000e-01  5.0000e-01  0.0000e+00  0.0000e+00  0.0000e+00       0.0       0.0      0031
 -117.0120   34.9186  1.1969e+01 -9.1170e+00  9.0206e-01  5.0000e-01  5.0000e-01  5.0000e-01  0.0000e+00  0.0000e+00  0.0000e+00       0.0       0.0      0032
 -118.1882   34.2928 -8.4184e+00  6.1957e+00 -6.6708e-01  5.0000e-01  5.0000e-01  5.0000e-01  0.0000e+00  0.0000e+00  0.0000e+00       0.0       0.0      0033
 -116.8717   36.9176  1.2820e+01 -1.0742e+01 -2.8641e-01  5.0000e-01  5.0000e-01  5.0000e-01  0.0000e+00  0.0000e+00  0.0000e+00       0.0       0.0      0034
 -116.4509   36.7453  1.2673e+01 -1.0228e+01 -4.1928e-01  5.0000e-01  5.0000e-01  5.0000e-01  0.0000e+00  0.0000e+00  0.0000e+00       0.0       0.0      0035
 -119.3475   35.1573 -3.2708e+00  1.9951e+00 -6.9740e-01  5.0000e-01  5.0000e-01  5.0000e-01  0.0000e+00  0.0000e+00  0.0000e+00       0.0       0.0      0036
 -115.9899   33.6551  1.0983e+01 -7.9736e+00  6.2958e-01  5.0000e-01  5.0000e-01  5.0000e-01  0.0000e+00  0.0000e+00  0.0000e+00       0.0       0.0      0037
 -120.4337   35.9394  4.5290e+00 -2.9440e+00  7.1527e-01  5.0000e-01  5.0000e-01  5.0000e-01  0.0000e+00  0.0000e+00  0.0000e+00       0.0       0.0      0038
 -120.4308   35.8884  2.5190e+00 -2.1563e+00 -2.1390e-01  5.0000e-01  5.0000e-01  5.0000e-01  0.0000e+00  0.0000e+00  0.0000e+00       0.0       0.0      0039
 -118.8967   37.6446  1.3858e+01 -8.9087e+00 -9.0539e-01  5.0000e-01  5.0000e-01  5.0000e-01  0.0000e+00  0.0000e+00  0.0000e+00       0.0       0.0      0040
 -118.4830   33.4458 -1.2858e+01  9.6775e+00  7.2275e-01  5.0000e-01  5.0000e-01  5.0000e-01  0.0000e+00  0.0000e+00  0.0000e+00       0.0       0.0      0041
 -118.3338   33.3116 -1.3563e+01  9.4921e+00 -3.9237e-01  5.0000e-01  5.0000e-01  5.0000e-01  0.0000e+00  0.0000e+00  0.0000e+00       0.0       0.0      0042
 -118.6298   34.1386 -1.1058e+01  9.6770e+00  5.4435e-01  5.0000e-01  5.0000e-01  5.0000e-01  0.0000e+00  0.0000e+00  0.0000e+00       0.0       0.0      0043
 -117.6712   35.5653  1.3393e+01 -1.0134e+01  5.6417e-01  5.0000e-01  5.0000e-01  5.0000e-01  0.0000e+00  0.0000e+00  0.0000e+00       0.0       0.0      0044
 -118.2112   33.8763 -1.2444e+01  8.6379e+00 -2.8980e-03  5.0000e-01  5.0000e-01  5.0000e-01  0.0000e+00  0.0000e+00  0.0000e+00       0.0       0.0      0045
 -117.8649   33.8627 -9.6474e+00  7.6948e+00 -9.0429e-01  5.0000e-01  5.0000e-01  5.0000e-01  0.0000e+00  0.0000e+00  0.0000e+00       0.0       0.0      0046
 -119.0135   34.8064 -7.0555e+00  6.1020e+00  3.6045e-02  5.0000e-01  5.0000e-01  5.0000e-01  0.0000e+00  0.0000e+00  0.0000e+00       0.0       0.0      0047
 -116.3359   34.8295  1.2891e+01 -1.0319e+01  2.6091e-01  5.0000e-01  5.0000e-01  5.0000e-01  0.0000e+00  0.0000e+00  0.0000e+00       0.0       0.0      0048
 -117.9649   34.2440 -6.7197e+00  4.7554e+00  9.1918e-01  5.0000e-01  5.0000e-01  5.0000e-01  0.0000e+00  0.0000e+00  0.0000e+00       0.0       0.0      0049
 -118.0260   34.3334 -5.0863e+00  3.9192e+00 -1.3788e-01  5.0000e-01  5.0000e-01  5.0000e-01  0.0000e+00  0.0000e+00  0.0000e+00       0.0       0.0      0050
 -116.7655   36.7465  1.2744e+01 -9.7703e+00 -2.8322e-02  5.0000e-01  5.0000e-01  5.0000e-01  0.0000e+00  0.0000e+00  0.0000e+00       0.0       0.0      0051
 -117.8277   34.6405  9.8333e+00 -7.7783e+00  4.2620e-01  5.0000e-01  5.0000e-01  5.0000e-01  0.0000e+00  0.0000e+00  0.0000e+00       0.0       0.0      0052
 -118.9373   34.1096 -1.2828e+01  8.7146e+00  4.8186e-03  5.0000e-01  5.0000e-01  5.0000e-01  0.0000e+00  0.0000e+00  0.0000e+00       0.0       0.0      0053
 -118.1273   34.1367 -1.0540e+01  7.4073e+00  3.4166e-01  5.0000e-01  5.0000e-01  5.0000e-01  0.0000e+00  0.0000e+00  0.0000e+00       0.0       0.0      0054
 -117.4794   34.3138  7.9868e+00 -6.1441e+00  7.6467e-01  5.0000e-01  5.0000e-01  5.0000e-01  0.0000e+00  0.0000e+00  0.0000e+00       0.0       0.0      0055
 -117.7088   34.1099 -5.8490e+00  4.3102e+00  3.6975e-02  5.0000e-01  5.0000e-01  5.0000e-01  0.0000e+00  0.0000e+00  0.0000e+00       0.0       0.0      0056
 -118.4114   34.3532 -1.0462e+01  7.3987e+00  5.7318e-01  5.0000e-01  5.0000e-01  5.0000e-01  0.0000e+00  0.0000e+00  0.0000e+00       0.0       0.0      0057
 -121.2785   37.8964  1.3022e+01 -9.9803e+00  1.6961e-01  5.0000e-01  5.0000e-01  5.0000e-01  0.0000e+00  0.0000e+00  0.0000e+00       0.0       0.0      0058
 -117.6089   33.8576 -8.5949e+00  6.8488e+00 -8.3852e-02  5.0000e-01  5.0000e-01  5.0000e-01  0.0000e+00  0.0000e+00  0.0000e+00       0.0       0.0      0059
 -119.8795   34.4149 -1.1987e+01  9.8841e+00  2.7425e-01  5.0000e-01  5.0000e-01  5.0000e-01  0.0000e+00  0.0000e+00  0.0000e+00       0.0       0.0      0060
 -117.8089   35.9823  1.3113e+01 -8.9926e+00 -2.4470e-01  5.0000e-01  5.0000e-01  5.0000e-01  0.0000e+00  0.0000e+00  0.0000e+00       0.0       0.0      0061
 -116.3869   33.7325  8.4177e+00 -7.8659e+00  4.6796e-01  5.0000e-01  5.0000e-01  5.0000e-01  0.0000e+00  0.0000e+00  0.0000e+00       0.0       0.0      0062
 -117.5730   35.0717  1.1313e+01 -9.2986e+00 -7.4220e-02  5.0000e-01  5.0000e-01  5.0000e-01  0.0000e+00  0.0000e+00  0.0000e+00       0.0       0.0      0063
 -116.5693   36.8077  1.3701e+01 -1.0077e+01  2.5226e-01  5.0000e-01  5.0000e-01  5.0000e-01  0.0000e+00  0.0000e+00  0.0000e+00       0.0       0.0      0064
 -120.7508   35.7916 -9.2324e+00  5.8857e+00 -1.0474e+00  5.0000e-01  5.0000e-01  5.0000e-01  0.0000e+00  0.0000e+00  0.0000e+00       0.0       0.0      0065
 -117.0997   34.0391  7.2074e+00 -4.6131e+00  4.2179e-01  5.0000e-01  5.0000e-01  5.0000e-01  0.0000e+00  0.0000e+00  0.0000e+00       0.0       0.0      0066
 -118.2728   33.8235 -1.1329e+01  9.0409e+00 -4.9177e-01  5.0000e-01  5.0000e-01  5.0000e-01  0.0000e+00  0.0000e+00  0.0000e+00       0.0       0.0      0067
 -115.7350   33.0698  4.4204e+00 -3.4824e+00 -4.6079e-01  5.0000e-01  5.0000e-01  5.0000e-01  0.0000e+00  0.0000e+00  0.0000e+00       0.0       0.0      0068
 -119.7848   34.0293 -1.2872e+01  1.0463e+01  1.4227e-01  5.0000e-01  5.0000e-01  5.0000e-01  0.0000e+00  0.0000e+00  0.0000e+00       0.0       0.0      0069
 -119.0390   34.1684 -1.2846e+01  8.9657e+00  6.2609e-01  5.0000e-01  5.0000e-01  5.0000e-01  0.0000e+00  0.0000e+00  0.0000e+00       0.0       0.0      0070
 -118.2567   33.8615 -1.1473e+01  8.9142e+00  5.8264e-01  5.0000e-01  5.0000e-01  5.0000e-01  0.0000e+00  0.0000e+00  0.0000e+00       0.0       0.0      0071
 -118.5238   34.2535 -1.0970e+01  8.7890e+00 -2.5808e-02  5.0000e-01  5.0000e-01  5.0000e-01  0.0000e+00  0.0000e+00  0.0000e+00       0.0       0.0      0072
 -119.3712   34.4081 -1.2122e+01  9.5671e+00  6.0374e-01  5.0000e-01  5.0000e-01  5.0000e-01  0.0000e+00  0.0000e+00  0.0000e+00       0.0       0.0      0073
 -118.6132   34.5165 -9.3606e+00  5.7522e+00  1.1185e+00  5.0000e-01  5.0000e-01  5.0000e-01  0.0000e+00  0.0000e+00  0.0000e+00       0.0       0.0      0074
 -116.3704   34.1241  1.2162e+01 -8.5561e+00 -3.4606e-01  5.0000e-01  5.0000e-01  5.0000e-01  0.0000e+00  0.0000e+00  0.0000e+00       0.0       0.0      0075
 -119.6739   34.9426 -1.0695e+01  7.6325e+00 -9.7786e-02  5.0000e-01  5.0000e-01  5.0000e-01  0.0000e+00  0.0000e+00  0.0000e+00       0.0       0.0      0076
 -117.9017   34.0820 -9.1531e+00  6.3695e+00 -5.7542e-01  5.0000e-01  5.0000e-01  5.0000e-01  0.0000e+00  0.0000e+00  0.0000e+00       0.0       0.0      0077
 -118.3969   34.3348 -9.4247e+00  6.3947e+00 -2.4664e-01  5.0000e-01  5.0000e-01  5.0000e-01  0.0000e+00  0.0000e+00  0.0000e+00       0.0       0.0      0078
 -118.9812   37.7442  1.3172e+01 -9.4473e+00 -4.2731e-01  5.0000e-01  5.0000e-01  5.0000e-01  0.0000e+00  0.0000e+00  0.0000e+00       0.0       0.0      0079
 -115.7880   33.3898  1.0622e+01 -7.3588e+00 -5.0338e-01  5.0000e-01  5.0000e-01  5.0000e-01  0.0000e+00  0.0000e+00  0.0000e+00       0.0       0.0      0080
 -121.9156   37.8786  1.3257e+01 -8.0172e+00  7.9874e-01  5.0000e-01  5.0000e-01  5.0000e-01  0.0000e+00  0.0000e+00  0.0000e+00       0.0       0.0      0081
 -118.3485   34.0239 -1.1915e+01  9.2087e+00  5.2768e-01  5.0000e-01  5.0000e-01  5.0000e-01  0.0000e+00  0.0000e+00  0.0000e+00       0.0       0.0      0082
 -117.2495   33.0365 -1.2850e+01  9.5424e+00 -4.9960e-01  5.0000e-01  5.0000e-01  5.0000e-01  0.0000e+00  0.0000e+00  0.0000e+00       0.0       0.0      0083
 -116.7121   33.7333  5.6738e+00 -4.4035e+00 -4.0119e-02  5.0000e-01  5.0000e-01  5.0000e-01  0.0000e+00  0.0000e+00  0.0000e+00       0.0       0.0      0084
 -117.8601   34.4134  4.2960e+00 -3.4442e+00  7.1309e-01  5.0000e-01  5.0000e-01  5.0000e-01  0.0000e+00  0.0000e+00  0.0000e+00       0.0       0.0      0085
 -118.0393   37.7428  1.3823e+01 -9.7840e+00  1.6752e-01  5.0000e-01  5.0000e-01  5.0000e-01  0.0000e+00  0.0000e+00  0.0000e+00       0.0       0.0      0086
 -118.1260   33.9380 -1.1657e+01  8.7128e+00  6.7843e-01  5.0000e-01  5.0000e-01  5.0000e-01  0.0000e+00  0.0000e+00  0.0000e+00       0.0       0.0      0087
 -118.3290   33.8868 -1.1879e+01  9.5547e+00 -8.0893e-01  5.0000e-01  5.0000e-01  5.0000e-01  0.0000e+00  0.0000e+00  0.0000e+00       0.0       0.0      0088
 -117.4117   33.6477 -9.8414e+00  7.4439e+00  1.9666e-01  5.0000e-01  5.0000e-01  5.0000e-01  0.0000e+00  0.0000e+00  0.0000e+00       0.0       0.0      0089
 -114.2642   37.9155  1.3906e+01 -1.1058e+01  2.9158e-01  5.0000e-01  5.0000e-01  5.0000e-01  0.0000e+00  0.0000e+00  0.0000e+00       0.0       0.0      0090
 -118.8304   34.9462  1.0829e+00 -1.3893e+00 -3.8326e-01  5.0000e-01  5.0000e-01  5.0000e-01  0.0000e+00  0.0000e+00  0.0000e+00       0.0       0.0      0091
 -118.2084   34.0297 -1.0981e+01  7.7425e+00  7.9044e-01  5.0000e-01  5.0000e-01  5.0000e-01  0.0000e+00  0.0000e+00  0.0000e+00       0.0       0.0      0092
 -117.5256   34.1042 -2.4689e-01  5.5219e-01  2.4686e-01  5.0000e-01  5.0000e-01  5.0000e-01  0.0000e+00  0.0000e+00  0.0000e+00       0.0       0.0      0093
 -120.0094   34.7330 -1.2987e+01  7.8786e+00 -1.1008e+00  5.0000e-01  5.0000e-01  5.0000e-01  0.0000e+00  0.0000e+00  0.0000e+00       0.0       0.0      0094
 -118.8941   34.4099 -1.1462e+01  8.1494e+00 -7.0532e-01  5.0000e-01  5.0000e-01  5.0000e-01  0.0000e+00  0.0000e+00  0.0000e+00       0.0       0.0      0095
 -118.8840   34.3563 -1.1544e+01  7.7187e+00  6.1817e-01  5.0000e-01  5.0000e-01  5.0000e-01  0.0000e+00  0.0000e+00  0.0000e+00       0.0       0.0      0096
 -117.9357   33.6623 -1.2351e+01  8.2688e+00  1.5988e-02  5.0000e-01  5.0000e-01  5.0000e-01  0.0000e+00  0.0000e+00  0.0000e+00       0.0       0.0      0097
 -118.3595   34.0806 -1.1536e+01  6.9649e+00  6.0607e-01  5.0000e-01  5.0000e-01  5.0000e-01  0.0000e+00  0.0000e+00  0.0000e+00       0.0       0.0      0098
 -118.8934   34.8002 -6.3190e+00  6.1032e+00 -5.0677e-02  5.0000e-01  5.0000e-01  5.0000e-01  0.0000e+00  0.0000e+00  0.0000e+00       0.0       0.0      0099
 -119.8637   35.1894 -1.0128e+01  7.6709e+00  2.2447e-01  5.0000e-01  5.0000e-01  5.0000e-01  0.0000e+00  0.0000e+00  0.0000e+00       0.0       0.0      0100
 -117.3979   34.2039  6.7028e+00 -5.9214e+00 -6.9770e-01  5.0000e-01  5.0000e-01  5.0000e-01  0.0000e+00  0.0000e+00  0.0000e+00       0.0       0.0      0101
 -115.5214   33.2748  9.4751e+00 -9.0081e+00 -2.7316e-01  5.0000e-01  5.0000e-01  5.0000e-01  0.0000e+00  0.0000e+00  0.0000e+00       0.0       0.0      0102
 -114.8273   33.0511  1.1423e+01 -8.9688e+00 -1.6613e-01  5.0000e-01  5.0000e-01  5.0000e-01  0.0000e+00  0.0000e+00  0.0000e+00       0.0       0.0      0103
 -115.6602   34.7840  1.3047e+01 -8.4222e+00  5.6683e-01  5.0000e-01  5.0000e-01  5.0000e-01  0.0000e+00  0.0000e+00  0.0000e+00       0.0       0.0      0104
 -114.1894   34.3086  1.3127e+01 -1.0224e+01 -2.3222e-01  5.0000e-01  5.0000e-01  5.0000e-01  0.0000e+00  0.0000e+00  0.0000e+00       0.0       0.0      0105
 -116.8892   35.4252  1.3246e+01 -1.0595e+01  5.8432e-02  5.0000e-01  5.0000e-01  5.0000e-01  0.0000e+00  0.0000e+00  0.0000e+00       0.0       0.0      0106
 -118.1129   34.0474 -1.0789e+01  8.0582e+00  6.9109e-03  5.0000e-01  5.0000e-01  5.0000e-01  0.0000e+00  0.0000e+00  0.0000e+00       0.0       0.0      0107
 -120.6821   34.4694 -1.3394e+01  8.5065e+00 -3.2463e-01  5.0000e-01  5.0000e-01  5.0000e-01  0.0000e+00  0.0000e+00  0.0000e+00       0.0       0.0      0108
 -118.2858   33.7836 -1.2699e+01  8.4248e+00  5.7486e-01  5.0000e-01  5.0000e-01  5.0000e-01  0.0000e+00  0.0000e+00  0.0000e+00       0.0       0.0      0109
 -116.4301   34.7548  1.1673e+01 -9.3205e+00  7.0363e-01  5.0000e-01  5.0000e-01  5.0000e-01  0.0000e+00  0.0000e+00  0.0000e+00       0.0       0.0      0110
 -117.7995   34.7599  9.9081e+00 -7.3723e+00  1.4789e-01  5.0000e-01  5.0000e-01  5.0000e-01  0.0000e+00  0.0000e+00  0.0000e+00       0.0       0.0      0111
 -115.6353   33.7050  1.1993e+01 -9.7430e+00  2.8805e-01  5.0000e-01  5.0000e-01  5.0000e-01  0.0000e+00  0.0000e+00  0.0000e+00       0.0       0.0      0112
 -120.4795   35.8667 -9.3838e-01 -2.3380e-01  3.6109e-01  5.0000e-01  5.0000e-01  5.0000e-01  0.0000e+00  0.0000e+00  0.0000e+00       0.0       0.0      0113
 -117.8452   34.4582  6.3656e+00 -4.4572e+00 -6.3605e-01  5.0000e-01  5.0000e-01  5.0000e-01  0.0000e+00  0.0000e+00  0.0000e+00       0.0       0.0      0114
 -118.1682   33.9245 -1.2135e+01  9.5056e+00  6.2551e-01  5.0000e-01  5.0000e-01  5.0000e-01  0.0000e+00  0.0000e+00  0.0000e+00       0.0       0.0      0115
 -118.8212   37.6586  1.4175e+01 -1.0147e+01 -9.9173e-01  5.0000e-01  5.0000e-01  5.0000e-01  0.0000e+00  0.0000e+00  0.0000e+00       0.0       0.0      0116
 -120.4024   35.8808  2.6111e+00 -2.2333e+00 -5.0309e-01  5.0000e-01  5.0000e-01  5.0000e-01  0.0000e+00  0.0000e+00  0.0000e+00       0.0       0.0      0117
 -119.1875   34.4412 -1.2557e+01  8.8375e+00 -2.9191e-01  5.0000e-01  5.0000e-01  5.0000e-01  0.0000e+00  0.0000e+00  0.0000e+00       0.0       0.0      0118
 -115.9114   34.7273  1.2229e+01 -9.6931e+00  1.9732e-01  5.0000e-01  5.0000e-01  5.0000e-01  0.0000e+00  0.0000e+00  0.0000e+00       0.0       0.0      0119
 -115.0318   32.7062  6.9493e+00 -5.0221e+00  1.6513e-01  5.0000e-01  5.0000e-01  5.0000e-01  0.0000e+00  0.0000e+00  0.0000e+00       0.0       0.0      0120
 -115.1451   34.1576  1.2381e+01 -1.1554e+01 -2.9283e-01  5.0000e-01  5.0000e-01  5.0000e-01  0.0000e+00  0.0000e+00  0.0000e+00       0.0       0.0      0121
 -118.4743   35.6623  1.2847e+01 -1.0019e+01 -6.6283e-01  5.0000e-01  5.0000e-01  5.0000e-01  0.0000e+00  0.0000e+00  0.0000e+00       0.0       0.0      0122
 -115.5068   32.8294 -5.2624e-02  1.9505e-01  2.8157e-01  5.0000e-01  5.0000e-01  5.0000e-01  0.0000e+00  0.0000e+00  0.0000e+00       0.0       0.0      0123
 -119.0847   37.7717  1.3153e+01 -9.8524e+00 -3.2110e-01  5.0000e-01  5.0000e-01  5.0000e-01  0.0000e+00  0.0000e+00  0.0000e+00       0.0       0.0      0124
 -116.0990   36.4588  1.4355e+01 -9.6513e+00  3.0411e-01  5.0000e-01  5.0000e-01  5.0000e-01  0.0000e+00  0.0000e+00  0.0000e+00       0.0       0.0      0125
 -118.1732   34.2048 -1.0628e+01  7.3902e+00  2.5832e-01  5.0000e-01  5.0000e-01  5.0000e-01  0.0000e+00  0.0000e+00  0.0000e+00       0.0       0.0      0126
 -119.0082   34.3985 -1.2068e+01  9.0473e+00  6.2439e-01  5.0000e-01  5.0000e-01  5.0000e-01  0.0000e+00  0.0000e+00  0.0000e+00       0.0       0.0      0127
 -118.9792   37.6591  1.2788e+01 -9.2005e+00 -5.4722e-01  5.0000e-01  5.0000e-01  5.0000e-01  0.0000e+00  0.0000e+00  0.0000e+00       0.0       0.0      0128
 -118.8805   37.7133  1.4949e+01 -1.0277e+01 -3.8697e-01  5.0000e-01  5.0000e-01  5.0000e-01  0.0000e+00  0.0000e+00  0.0000e+00       0.0       0.0      0129
 -116.1734   33.9254  1.0666e+01 -9.2854e+00  1.8229e-01  5.0000e-01  5.0000e-01  5.0000e-01  0.0000e+00  0.0000e+00  0.0000e+00       0.0       0.0      0130
 -120.4733   35.8998  9.5541e-01 -9.4682e-01 -5.5864e-01  5.0000e-01  5.0000e-01  5.0000e-01  0.0000e+00  0.0000e+00  0.0000e+00       0.0       0.0      0131
 -118.5746   34.1819 -1.2088e+01  8.7451e+00 -3.3475e-01  5.0000e-01  5.0000e-01  5.0000e-01  0.0000e+00  0.0000e+00  0.0000e+00       0.0       0.0      0132
 -118.3065   33.9279 -1.1651e+01  8.9655e+00 -4.2502e-02  5.0000e-01  5.0000e-01  5.0000e-01  0.0000e+00  0.0000e+00  0.0000e+00       0.0       0.0      0133
 -118.1372   33.8321 -1.1533e+01  9.0824e+00 -1.4518e-01  5.0000e-01  5.0000e-01  5.0000e-01  0.0000e+00  0.0000e+00  0.0000e+00       0.0       0.0      0134
 -118.1732   33.7916 -1.0984e+01  8.7833e+00  3.8125e-01  5.0000e-01  5.0000e-01  5.0000e-01  0.0000e+00  0.0000e+00  0.0000e+00       0.0       0.0      0135
 -118.2033   33.7878 -1.2020e+01  8.4645e+00 -3.5209e-01  5.0000e-01  5.0000e-01  5.0000e-01  0.0000e+00  0.0000e+00  0.0000e+00       0.0       0.0      0136
 -116.4328   34.2673  1.2511e+01 -9.1875e+00  2.5429e-01  5.0000e-01  5.0000e-01  5.0000e-01  0.0000e+00  0.0000e+00  0.0000e+00       0.0       0.0      0137
 -116.2091   34.6994  1.2507e+01 -9.9469e+00 -2.9867e-01  5.0000e-01  5.0000e-01  5.0000e-01  0.0000e+00  0.0000e+00  0.0000e+00       0.0       0.0      0138
 -118.3218   34.1346 -1.1332e+01  8.2493e+00 -4.8322e-01  5.0000e-01  5.0000e-01  5.0000e-01  0.0000e+00  0.0000e+00  0.0000e+00       0.0       0.0      0139
 -118.4128   34.0951 -1.2388e+01  8.4128e+00  8.3043e-01  5.0000e-01  5.0000e-01  5.0000e-01  0.0000e+00  0.0000e+00  0.0000e+00       0.0       0.0      0140
 -119.0173   37.6372  1.3849e+01 -9.8093e+00 -4.7574e-02  5.0000e-01  5.0000e-01  5.0000e-01  0.0000e+00  0.0000e+00  0.0000e+00       0.0       0.0      0141
 -118.1392   34.6620  7.3565e+00 -5.9052e+00 -8.0845e-02  5.0000e-01  5.0000e-01  5.0000e-01  0.0000e+00  0.0000e+00  0.0000e+00       0.0       0.0      0142
 -116.3082   36.7459  1.2699e+01 -1.0172e+01 -3.1003e-01  5.0000e-01  5.0000e-01  5.0000e-01  0.0000e+00  0.0000e+00  0.0000e+00       0.0       0.0      0143
 -118.8677   34.8075 -5.7675e+00  4.3246e+00 -2.0348e-01  5.0000e-01  5.0000e-01  5.0000e-01  0.0000e+00  0.0000e+00  0.0000e+00       0.0       0.0      0144
 -117.8350   34.4855  7.2675e+00 -5.3637e+00  5.2602e-01  5.0000e-01  5.0000e-01  5.0000e-01  0.0000e+00  0.0000e+00  0.0000e+00       0.0       0.0      0145
 -117.8379   34.5860  8.2479e+00 -6.4888e+00 -3.6044e-01  5.0000e-01  5.0000e-01  5.0000e-01  0.0000e+00  0.0000e+00  0.0000e+00       0.0       0.0      0146
 -119.0579   36.3600  1.3135e+01 -8.8343e+00 -4.4891e-01  5.0000e-01  5.0000e-01  5.0000e-01  0.0000e+00  0.0000e+00  0.0000e+00       0.0       0.0      0147
 -116.9397   35.0902  1.3072e+01 -8.7300e+00 -2.0337e-01  5.0000e-01  5.0000e-01  5.0000e-01  0.0000e+00  0.0000e+00  0.0000e+00       0.0       0.0      0148
 -118.0034   34.1119 -1.0360e+01  7.6273e+00 -7.9413e-01  5.0000e-01  5.0000e-01  5.0000e-01  0.0000e+00  0.0000e+00  0.0000e+00       0.0       0.0      0149
 -117.7541   34.1333 -5.6177e+00  4.2288e+00  1.5621e-01  5.0000e-01  5.0000e-01  5.0000e-01  0.0000e+00  0.0000e+00  0.0000e+00       0.0       0.0      0150
 -120.5943   35.8287 -5.6877e+00  3.6011e+00 -3.3318e-01  5.0000e-01  5.0000e-01  5.0000e-01  0.0000e+00  0.0000e+00  0.0000e+00       0.0       0.0      0151
 -117.9567   34.0268 -1.0604e+01  7.7904e+00  1.1193e+00  5.0000e-01  5.0000e-01  5.0000e-01  0.0000e+00  0.0000e+00  0.0000e+00       0.0       0.0      0152
 -121.8652   37.2869  1.2593e+01 -8.2205e+00  4.0803e-01  5.0000e-01  5.0000e-01  5.0000e-01  0.0000e+00  0.0000e+00  0.0000e+00       0.0       0.0      0153
 -119.1037   34.7336 -1.0284e+01  5.9737e+00 -5.1473e-01  5.0000e-01  5.0000e-01  5.0000e-01  0.0000e+00  0.0000e+00  0.0000e+00       0.0       0.0      0154
 -115.1913   36.1595  1.2800e+01 -1.0873e+01  1.0025e+00  5.0000e-01  5.0000e-01  5.0000e-01  0.0000e+00  0.0000e+00  0.0000e+00       0.0       0.0      0155
 -120.4431   35.8326 -1.7002e+00  1.6065e+00  1.0438e-02  5.0000e-01  5.0000e-01  5.0000e-01  0.0000e+00  0.0000e+00  0.0000e+00       0.0       0.0      0156
 -117.4367   33.8568 -6.7610e+00  5.1089e+00 -3.2133e-01  5.0000e-01  5.0000e-01  5.0000e-01  0.0000e+00  0.0000e+00  0.0000e+00       0.0       0.0      0157
 -115.9790   36.6325  1.2707e+01 -1.1437e+01 -3.7756e-01  5.0000e-01  5.0000e-01  5.0000e-01  0.0000e+00  0.0000e+00  0.0000e+00       0.0       0.0      0158
 -121.6426   37.3415  1.3928e+01 -8.0777e+00  6.4985e-02  5.0000e-01  5.0000e-01  5.0000e-01  0.0000e+00  0.0000e+00  0.0000e+00       0.0       0.0      0159
 -118.2441   33.9391 -1.1478e+01  8.6389e+00 -3.5981e-02  5.0000e-01  5.0000e-01  5.0000e-01  0.0000e+00  0.0000e+00  0.0000e+00       0.0       0.0      0160
 -120.4588   35.9219  2.6308e+00 -2.0028e+00  4.4546e-01  5.0000e-01  5.0000e-01  5.0000e-01  0.0000e+00  0.0000e+00  0.0000e+00       0.0       0.0      0161
 -120.3514   34.0383 -1.3116e+01  1.0456e+01  3.9859e-02  5.0000e-01  5.0000e-01  5.0000e-01  0.0000e+00  0.0000e+00  0.0000e+00       0.0       0.0      0162
 -119.0609   37.6538  1.3994e+01 -9.5777e+00  7.0153e-02  5.0000e-01  5.0000e-01  5.0000e-01  0.0000e+00  0.0000e+00  0.0000e+00       0.0       0.0      0163
 -117.5505   33.7145 -1.1122e+01  7.7840e+00 -6.1716e-01  5.0000e-01  5.0000e-01  5.0000e-01  0.0000e+00  0.0000e+00  0.0000e+00       0.0       0.0      0164
 -117.3180   33.9184 -3.3204e+00  2.9997e+00 -4.0627e-01  5.0000e-01  5.0000e-01  5.0000e-01  0.0000e+00  0.0000e+00  0.0000e+00       0.0       0.0      0165
 -120.4341   35.9695  5.7429e+00 -3.8276e+00 -2.2364e-01  5.0000e-01  5.0000e-01  5.0000e-01  0.0000e+00  0.0000e+00  0.0000e+00       0.0       0.0      0166
 -121.8669   37.4853  1.2889e+01 -8.7538e+00  8.1880e-01  5.0000e-01  5.0000e-01  5.0000e-01  0.0000e+00  0.0000e+00  0.0000e+00       0.0       0.0      0167
 -116.4223   32.8919 -1.1087e+01  8.4615e+00 -8.8666e-01  5.0000e-01  5.0000e-01  5.0000e-01  0.0000e+00  0.0000e+00  0.0000e+00       0.0       0.0      0168
 -118.8780   34.2955 -1.2188e+01  9.1342e+00 -5.2047e-01  5.0000e-01  5.0000e-01  5.0000e-01  0.0000e+00  0.0000e+00  0.0000e+00       0.0       0.0      0169
 -117.8817   34.1752 -7.8157e+00  4.7712e+00 -2.0465e-01  5.0000e-01  5.0000e-01  5.0000e-01  0.0000e+00  0.0000e+00  0.0000e+00       0.0       0.0      0170
 -117.2101   34.2308  9.6804e+00 -7.8164e+00 -1.2799e-01  5.0000e-01  5.0000e-01  5.0000e-01  0.0000e+00  0.0000e+00  0.0000e+00       0.0       0.0      0171
 -118.2455   34.0552 -1.1158e+01  7.9323e+00 -1.8366e-01  5.0000e-01  5.0000e-01  5.0000e-01  0.0000e+00  0.0000e+00  0.0000e+00       0.0       0.0      0172
 -119.3093   37.1699  1.2992e+01 -9.5878e+00 -6.8376e-01  5.0000e-01  5.0000e-01  5.0000e-01  0.0000e+00  0.0000e+00  0.0000e+00       0.0       0.0      0173
 -119.0960   34.2616 -1.2371e+01  8.7647e+00  1.2484e+00  5.0000e-01  5.0000e-01  5.0000e-01  0.0000e+00  0.0000e+00  0.0000e+00       0.0       0.0      0174
 -116.5253   33.2109 -9.3143e+00  7.6338e+00  5.1581e-01  5.0000e-01  5.0000e-01  5.0000e-01  0.0000e+00  0.0000e+00  0.0000e+00       0.0       0.0      0175
 -118.9447   37.6405  1.3215e+01 -1.0817e+01 -9.8972e-01  5.0000e-01  5.0000e-01  5.0000e-01  0.0000e+00  0.0000e+00  0.0000e+00       0.0       0.0      0176
 -116.1482   34.5086  1.3219e+01 -9.4683e+00 -5.7398e-02  5.0000e-01  5.0000e-01  5.0000e-01  0.0000e+00  0.0000e+00  0.0000e+00       0.0       0.0      0177
 -114.6186   34.7677  1.3131e+01 -1.0370e+01  9.0193e-01  5.0000e-01  5.0000e-01  5.0000e-01  0.0000e+00  0.0000e+00  0.0000e+00       0.0       0.0      0178
 -119.1413   34.4987 -1.1582e+01  9.1399e+00  2.5703e-01  5.0000e-01  5.0000e-01  5.0000e-01  0.0000e+00  0.0000e+00  0.0000e+00       0.0       0.0      0179
 -117.5696   33.9197 -8.1818e+00  5.5846e+00  1.7900e-01  5.0000e-01  5.0000e-01  5.0000e-01  0.0000e+00  0.0000e+00  0.0000e+00       0.0       0.0      0180
 -118.3480   33.9797 -1.1015e+01  8.3961e+00  2.6978e-01  5.0000e-01  5.0000e-01  5.0000e-01  0.0000e+00  0.0000e+00  0.0000e+00       0.0       0.0      0181
 -116.9727   32.5793 -1.2548e+01  9.9906e+00 -6.0089e-02  5.0000e-01  5.0000e-01  5.0000e-01  0.0000e+00  0.0000e+00  0.0000e+00       0.0       0.0      0182
 -116.0677   34.1410  1.2994e+01 -1.0675e+01 -4.8259e-01  5.0000e-01  5.0000e-01  5.0000e-01  0.0000e+00  0.0000e+00  0.0000e+00       0.0       0.0      0183
 -118.6014   34.3299 -9.9929e+00  8.4704e+00  3.8409e-01  5.0000e-01  5.0000e-01  5.0000e-01  0.0000e+00  0.0000e+00  0.0000e+00       0.0       0.0      0184
 -117.7441   33.7659 -1.1094e+01  7.3330e+00  1.1676e+00  5.0000e-01  5.0000e-01  5.0000e-01  0.0000e+00  0.0000e+00  0.0000e+00       0.0       0.0      0185
 -117.0418   33.1306 -1.1060e+01  8.7882e+00 -7.2079e-01  5.0000e-01  5.0000e-01  5.0000e-01  0.0000e+00  0.0000e+00  0.0000e+00       0.0       0.0      0186
 -115.9181   34.3699  1.2971e+01 -1.0391e+01  1.5157e-01  5.0000e-01  5.0000e-01  5.0000e-01  0.0000e+00  0.0000e+00  0.0000e+00       0.0       0.0      0187
 -116.3055   34.4277  1.2611e+01 -1.0011e+01  2.9131e-01  5.0000e-01  5.0000e-01  5.0000e-01  0.0000e+00  0.0000e+00  0.0000e+00       0.0       0.0      0188
 -116.0834   34.3671  1.2098e+01 -9.4713e+00  5.0231e-01  5.0000e-01  5.0000e-01  5.0000e-01  0.0000e+00  0.0000e+00  0.0000e+00       0.0       0.0      0189
 -116.1495   34.4301  1.3510e+01 -9.9293e+00  5.4536e-02  5.0000e-01  5.0000e-01  5.0000e-01  0.0000e+00  0.0000e+00  0.0000e+00       0.0       0.0      0190
 -116.2923   34.5330  1.3030e+01 -9.8425e+00  3.4719e-01  5.0000e-01  5.0000e-01  5.0000e-01  0.0000e+00  0.0000e+00  0.0000e+00       0.0       0.0      0191
 -120.2786   34.7391 -1.2679e+01  9.5224e+00  1.0552e+00  5.0000e-01  5.0000e-01  5.0000e-01  0.0000e+00  0.0000e+00  0.0000e+00       0.0       0.0      0192
 -116.8151   34.6749  1.3059e+01 -8.7028e+00  7.1406e-02  5.0000e-01  5.0000e-01  5.0000e-01  0.0000e+00  0.0000e+00  0.0000e+00       0.0       0.0      0193
 -119.1419   34.3274 -1.1928e+01  8.6765e+00 -6.9822e-01  5.0000e-01  5.0000e-01  5.0000e-01  0.0000e+00  0.0000e+00  0.0000e+00       0.0       0.0      0194
 -118.2073   34.1288 -1.1011e+01  8.2183e+00 -8.6208e-01  5.0000e-01  5.0000e-01  5.0000e-01  0.0000e+00  0.0000e+00  0.0000e+00       0.0       0.0      0195
 -119.3534   34.6834 -1.1207e+01  7.9866e+00 -3.9757e-01  5.0000e-01  5.0000e-01  5.0000e-01  0.0000e+00  0.0000e+00  0.0000e+00       0.0       0.0      0196
 -114.0050   32.7225  1.2158e+01 -9.3697e+00  3.2528e-01  5.0000e-01  5.0000e-01  5.0000e-01  0.0000e+00  0.0000e+00  0.0000e+00       0.0       0.0      0197
 -119.0629   36.0274  1.2889e+01 -9.0402e+00  3.2402e-01  5.0000e-01  5.0000e-01  5.0000e-01  0.0000e+00  0.0000e+00  0.0000e+00       0.0       0.0      0198
 -116.1698   32.6165 -1.1401e+01  8.7299e+00  3.9189e-01  5.0000e-01  5.0000e-01  5.0000e-01  0.0000e+00  0.0000e+00  0.0000e+00       0.0       0.0      0199
 -121.0030   35.5517 -1.2291e+01  7.8440e+00 -1.9587e-01  5.0000e-01  5.0000e-01  5.0000e-01  0.0000e+00  0.0000e+00  0.0000e+00       0.0       0.0      0200
 -121.7925   36.4855 -5.3748e+00  4.8741e+00 -8.1416e-01  5.0000e-01  5.0000e-01  5.0000e-01  0.0000e+00  0.0000e+00  0.0000e+00       0.0       0.0      0201
 -121.7318   36.8161  9.5696e+00 -5.8349e+00  5.1927e-01  5.0000e-01  5.0000e-01  5.0000e-01  0.0000e+00  0.0000e+00  0.0000e+00       0.0       0.0      0202
 -121.9908   37.2017  1.0788e+01 -7.9651e+00  1.0842e-01  5.0000e-01  5.0000e-01  5.0000e-01  0.0000e+00  0.0000e+00  0.0000e+00       0.0       0.0      0203
 -121.6506   37.1045  1.1984e+01 -9.0111e+00 -2.4292e-01  5.0000e-01  5.0000e-01  5.0000e-01  0.0000e+00  0.0000e+00  0.0000e+00       0.0       0.0      0204
 -121.7140   37.2035  1.2514e+01 -8.9049e+00  4.5777e-01  5.0000e-01  5.0000e-01  5.0000e-01  0.0000e+00  0.0000e+00  0.0000e+00       0.0       0.0      0205
 -121.6869   37.6018  1.3863e+01 -9.0062e+00  3.1955e-01  5.0000e-01  5.0000e-01  5.0000e-01  0.0000e+00  0.0000e+00  0.0000e+00       0.0       0.0      0206
 -121.9780   37.7494  1.3403e+01 -8.9601e+00 -2.8393e-01  5.0000e-01  5.0000e-01  5.0000e-01  0.0000e+00  0.0000e+00  0.0000e+00       0.0       0.0      0207
 -121.7864   37.8190  1.2176e+01 -8.9934e+00  2.8609e-01  5.0000e-01  5.0000e-01  5.0000e-01  0.0000e+00  0.0000e+00  0.0000e+00       0.0       0.0      0208
 -121.5545   36.9035  1.1565e+01 -7.9710e+00  1.3448e-01  5.0000e-01  5.0000e-01  5.0000e-01  0.0000e+00  0.0000e+00  0.0000e+00       0.0       0.0      0209
 -121.5420   37.0078  1.1890e+01 -8.0094e+00 -4.0308e-03  5.0000e-01  5.0000e-01  5.0000e-01  0.0000e+00  0.0000e+00  0.0000e+00       0.0       0.0      0210
 -121.4632   36.9539  1.2305e+01 -7.5117e+00 -1.0708e+00  5.0000e-01  5.0000e-01  5.0000e-01  0.0000e+00  0.0000e+00  0.0000e+00       0.0       0.0      0211
 -121.3545   37.0108  1.2106e+01 -8.0852e+00 -5.1046e-01  5.0000e-01  5.0000e-01  5.0000e-01  0.0000e+00  0.0000e+00  0.0000e+00       0.0       0.0      0212
 -121.0644   36.6116  1.0686e+01 -7.4889e+00 -2.9997e-01  5.0000e-01  5.0000e-01  5.0000e-01  0.0000e+00  0.0000e+00  0.0000e+00       0.0       0.0      0213
 -121.0577   37.1696  1.2341e+01 -7.5686e+00  5.6045e-01  5.0000e-01  5.0000e-01  5.0000e-01  0.0000e+00  0.0000e+00  0.0000e+00       0.0       0.0      0214
 -121.6048   37.9320  1.3054e+01 -8.4935e+00  4.9218e-02  5.0000e-01  5.0000e-01  5.0000e-01  0.0000e+00  0.0000e+00  0.0000e+00       0.0       0.0      0215
 -121.4640   37.7553  1.2642e+01 -8.8849e+00  1.0517e-01  5.0000e-01  5.0000e-01  5.0000e-01  0.0000e+00  0.0000e+00  0.0000e+00       0.0       0.0      0216
 -121.1006   37.4330  1.2464e+01 -9.1931e+00 -3.7438e-01  5.0000e-01  5.0000e-01  5.0000e-01  0.0000e+00  0.0000e+00  0.0000e+00       0.0       0.0      0217
 -121.0608   35.7112 -1.1813e+01  8.5852e+00 -6.3905e-01  5.0000e-01  5.0000e-01  5.0000e-01  0.0000e+00  0.0000e+00  0.0000e+00       0.0       0.0      0218
 -120.3895   35.8411  9.1668e-01  5.0668e-02  2.9663e-01  5.0000e-01  5.0000e-01  5.0000e-01  0.0000e+00  0.0000e+00  0.0000e+00       0.0       0.0      0219
 -120.3452   35.8378  1.8324e+00 -2.2987e+00  3.2642e-01  5.0000e-01  5.0000e-01  5.0000e-01  0.0000e+00  0.0000e+00  0.0000e+00       0.0       0.0      0220
 -120.2853   35.8067  2.6542e+00 -1.3200e+00 -3.3560e-01  5.0000e-01  5.0000e-01  5.0000e-01  0.0000e+00  0.0000e+00  0.0000e+00       0.0       0.0      0221
 -120.9068   35.9333 -7.1471e+00  6.3252e+00 -3.9909e-01  5.0000e-01  5.0000e-01  5.0000e-01  0.0000e+00  0.0000e+00  0.0000e+00       0.0       0.0      0222
 -120.6978   36.0248  1.0732e+00 -1.7776e+00 -3.8827e-01  5.0000e-01  5.0000e-01  5.0000e-01  0.0000e+00  0.0000e+00  0.0000e+00       0.0       0.0      0223
 -120.8424   35.6971 -1.1291e+01  7.3921e+00 -1.2743e-01  5.0000e-01  5.0000e-01  5.0000e-01  0.0000e+00  0.0000e+00  0.0000e+00       0.0       0.0      0224
 -120.5519   35.9741  2.5886e+00 -2.3973e+00  4.7923e-01  5.0000e-01  5.0000e-01  5.0000e-01  0.0000e+00  0.0000e+00  0.0000e+00       0.0       0.0      0225
 -120.2770   36.3044  1.1569e+01 -8.2456e+00  1.1647e-01  5.0000e-01  5.0000e-01  5.0000e-01  0.0000e+00  0.0000e+00  0.0000e+00       0.0       0.0      0226
 -120.7431   36.8063  1.3136e+01 -8.6785e+00 -6.8556e-01  5.0000e-01  5.0000e-01  5.0000e-01  0.0000e+00  0.0000e+00  0.0000e+00       0.0       0.0      0227
 -120.6186   36.6347  1.2100e+01 -8.7709e+00  3.3960e-02  5.0000e-01  5.0000e-01  5.0000e-01  0.0000e+00  0.0000e+00  0.0000e+00       0.0       0.0      0228
 -120.7053   37.0544  1.2662e+01 -8.6034e+00  5.3936e-01  5.0000e-01  5.0000e-01  5.0000e-01  0.0000e+00  0.0000e+00  0.0000e+00       0.0       0.0      0229
 -120.3566   36.7390  1.2992e+01 -9.4864e+00  1.4680e-01  5.0000e-01  5.0000e-01  5.0000e-01  0.0000e+00  0.0000e+00  0.0000e+00       0.0       0.0      0230
 -120.1968   37.3522  1.2682e+01 -9.1872e+00  2.8095e-01  5.0000e-01  5.0000e-01  5.0000e-01  0.0000e+00  0.0000e+00  0.0000e+00       0.0       0.0      0231
 -120.0579   36.9473  1.3963e+01 -8.7391e+00  5.8981e-01  5.0000e-01  5.0000e-01  5.0000e-01  0.0000e+00  0.0000e+00  0.0000e+00       0.0       0.0      0232
 -117.3939   34.4624  1.0712e+01 -8.0468e+00 -1.9403e-01  5.0000e-01  5.0000e-01  5.0000e-01  0.0000e+00  0.0000e+00  0.0000e+00       0.0       0.0      0233
 -117.5409   33.5621 -1.1057e+01  8.6376e+00 -8.4919e-02  5.0000e-01  5.0000e-01  5.0000e-01  0.0000e+00  0.0000e+00  0.0000e+00       0.0       0.0      0234
 -117.1047   32.8892 -1.2563e+01  8.7981e+00 -9.0002e-02  5.0000e-01  5.0000e-01  5.0000e-01  0.0000e+00  0.0000e+00  0.0000e+00       0.0       0.0      0235
 -116.9495   32.7338 -1.0688e+01  1.0128e+01  5.1355e-03  5.0000e-01  5.0000e-01  5.0000e-01  0.0000e+00  0.0000e+00  0.0000e+00       0.0       0.0      0236
 -117.2487   33.3552 -1.2038e+01  8.9888e+00 -6.1218e-02  5.0000e-01  5.0000e-01  5.0000e-01  0.0000e+00  0.0000e+00  0.0000e+00       0.0       0.0      0237
 -117.1897   33.4396 -1.0704e+01  7.9409e+00  4.1665e-02  5.0000e-01  5.0000e-01  5.0000e-01  0.0000e+00  0.0000e+00  0.0000e+00       0.0       0.0      0238
 -117.1134   33.5028 -1.1562e+01  7.3336e+00  5.9065e-01  5.0000e-01  5.0000e-01  5.0000e-01  0.0000e+00  0.0000e+00  0.0000e+00       0.0       0.0      0239
 -117.0716   33.2357 -1.0558e+01  8.4644e+00 -6.2286e-01  5.0000e-01  5.0000e-01  5.0000e-01  0.0000e+00  0.0000e+00  0.0000e+00       0.0       0.0      0240
 -116.7829   33.4933 -7.5625e+00  5.4436e+00 -3.9148e-01  5.0000e-01  5.0000e-01  5.0000e-01  0.0000e+00  0.0000e+00  0.0000e+00       0.0       0.0      0241
 -116.3485   32.9760 -1.0526e+01  8.2108e+00 -2.8701e-01  5.0000e-01  5.0000e-01  5.0000e-01  0.0000e+00  0.0000e+00  0.0000e+00       0.0       0.0      0242
 -116.6714   33.2402 -1.0185e+01  7.0257e+00 -1.9074e-01  5.0000e-01  5.0000e-01  5.0000e-01  0.0000e+00  0.0000e+00  0.0000e+00       0.0       0.0      0243
 -116.5693   33.0592 -1.0618e+01  7.6665e+00 -4.1752e-01  5.0000e-01  5.0000e-01  5.0000e-01  0.0000e+00  0.0000e+00  0.0000e+00       0.0       0.0      0244
 -116.6208   33.3756 -7.5724e+00  4.5994e+00 -7.2048e-01  5.0000e-01  5.0000e-01  5.0000e-01  0.0000e+00  0.0000e+00  0.0000e+00       0.0       0.0      0245
 -116.3223   33.2602 -4.6317e+00  3.3518e+00 -8.6838e-02  5.0000e-01  5.0000e-01  5.0000e-01  0.0000e+00  0.0000e+00  0.0000e+00       0.0       0.0      0246
 -116.2268   33.5747  8.7157e+00 -6.2989e+00 -2.5576e-01  5.0000e-01  5.0000e-01  5.0000e-01  0.0000e+00  0.0000e+00  0.0000e+00       0.0       0.0      0247
 -115.7321   32.7597 -8.4298e+00  6.4153e+00  1.3389e-02  5.0000e-01  5.0000e-01  5.0000e-01  0.0000e+00  0.0000e+00  0.0000e+00       0.0       0.0      0248
 -115.6284   33.0450  4.8570e+00 -4.5462e+00 -2.2382e-01  5.0000e-01  5.0000e-01  5.0000e-01  0.0000e+00  0.0000e+00  0.0000e+00       0.0       0.0      0249
 -115.5959   32.7506 -6.2437e+00  4.3087e+00  1.4829e-01  5.0000e-01  5.0000e-01  5.0000e-01  0.0000e+00  0.0000e+00  0.0000e+00       0.0       0.0      0250
 -115.5770   32.8347 -1.3372e+00  2.1053e+00 -4.3320e-01  5.0000e-01  5.0000e-01  5.0000e-01  0.0000e+00  0.0000e+00  0.0000e+00       0.0       0.0      0251
 -115.5696   32.8984  1.5823e+00 -9.9699e-01 -6.0479e-01  5.0000e-01  5.0000e-01  5.0000e-01  0.0000e+00  0.0000e+00  0.0000e+00       0.0       0.0      0252
 -115.4879   32.9796  6.5619e+00 -4.7001e+00 -5.4424e-03  5.0000e-01  5.0000e-01  5.0000e-01  0.0000e+00  0.0000e+00  0.0000e+00       0.0       0.0      0253
 -115.2999   32.6900 -4.5465e-01  3.9988e-01  5.9748e-01  5.0000e-01  5.0000e-01  5.0000e-01  0.0000e+00  0.0000e+00  0.0000e+00       0.0       0.0      0254
 -115.3979   32.8758  5.2748e+00 -3.7568e+00 -4.8698e-01  5.0000e-01  5.0000e-01  5.0000e-01  0.0000e+00  0.0000e+00  0.0000e+00       0.0       0.0      0255
 -115.4219   32.9825  7.8297e+00 -6.1238e+00 -3.7796e-02  5.0000e-01  5.0000e-01  5.0000e-01  0.0000e+00  0.0000e+00  0.0000e+00       0.0       0.0      0256
 -115.7658   33.5164  1.0037e+01 -7.7348e+00  4.0016e-01  5.0000e-01  5.0000e-01  5.0000e-01  0.0000e+00  0.0000e+00  0.0000e+00       0.0       0.0      0257
 -115.5102   33.0814  8.0117e+00 -6.2282e+00 -1.5969e-01  5.0000e-01  5.0000e-01  5.0000e-01  0.0000e+00  0.0000e+00  0.0000e+00       0.0       0.0      0258
 -115.6124   33.2000  1.0952e+01 -7.4163e+00  4.3372e-01  5.0000e-01  5.0000e-01  5.0000e-01  0.0000e+00  0.0000e+00  0.0000e+00       0.0       0.0      0259
 -115.4287   33.2478  1.0382e+01 -8.3982e+00 -8.6427e-02  5.0000e-01  5.0000e-01  5.0000e-01  0.0000e+00  0.0000e+00  0.0000e+00       0.0       0.0      0260
 -115.2939   32.8907  7.7984e+00 -5.4236e+00  7.0151e-01  5.0000e-01  5.0000e-01  5.0000e-01  0.0000e+00  0.0000e+00  0.0000e+00       0.0       0.0      0261
 -115.3433   33.1436  9.7060e+00 -8.2053e+00 -1.1040e+00  5.0000e-01  5.0000e-01  5.0000e-01  0.0000e+00  0.0000e+00  0.0000e+00       0.0       0.0      0262
 -115.2961   33.8869  1.2612e+01 -9.9033e+00 -6.7064e-01  5.0000e-01  5.0000e-01  5.0000e-01  0.0000e+00  0.0000e+00  0.0000e+00       0.0       0.0      0263
 -120.8697   35.6360 -1.0632e+01  7.7054e+00 -1.4544e-01  5.0000e-01  5.0000e-01  5.0000e-01  0.0000e+00  0.0000e+00  0.0000e+00       0.0       0.0      0264
 -120.4804   35.6248 -9.2766e+00  6.1903e+00  2.4389e-01  5.0000e-01  5.0000e-01  5.0000e-01  0.0000e+00  0.0000e+00  0.0000e+00       0.0       0.0      0265
 -120.2670   35.6338 -6.1617e+00  3.5768e+00  4.8903e-01  5.0000e-01  5.0000e-01  5.0000e-01  0.0000e+00  0.0000e+00  0.0000e+00       0.0       0.0      0266
 -120.1820   35.7027  3.9197e-02  2.0454e-01  5.1804e-01  5.0000e-01  5.0000e-01  5.0000e-01  0.0000e+00  0.0000e+00  0.0000e+00       0.0       0.0      0267
 -120.0007   35.6867  3.8990e+00 -2.9696e+00  6.3410e-01  5.0000e-01  5.0000e-01  5.0000e-01  0.0000e+00  0.0000e+00  0.0000e+00       0.0       0.0      0268
 -119.7380   35.7313  8.8387e+00 -6.1995e+00  6.7737e-01  5.0000e-01  5.0000e-01  5.0000e-01  0.0000e+00  0.0000e+00  0.0000e+00       0.0       0.0      0269
 -119.9094   35.9347  1.0402e+01 -7.8506e+00  4.1148e-01  5.0000e-01  5.0000e-01  5.0000e-01  0.0000e+00  0.0000e+00  0.0000e+00       0.0       0.0      0270
 -118.8790   34.8351 -5.4767e+00  4.3987e+00  1.6228e-01  5.0000e-01  5.0000e-01  5.0000e-01  0.0000e+00  0.0000e+00  0.0000e+00       0.0       0.0      0271
 -118.5455   34.7711  1.8879e+00 -4.4674e-01 -4.0017e-01  5.0000e-01  5.0000e-01  5.0000e-01  0.0000e+00  0.0000e+00  0.0000e+00       0.0       0.0      0272
 -118.6556   34.9444  5.6915e+00 -5.2986e+00  3.6068e-01  5.0000e-01  5.0000e-01  5.0000e-01  0.0000e+00  0.0000e+00  0.0000e+00       0.0       0.0      0273
 -118.6176   34.8389  3.4626e+00 -1.9971e+00  3.5618e-01  5.0000e-01  5.0000e-01  5.0000e-01  0.0000e+00  0.0000e+00  0.0000e+00       0.0       0.0      0274
 -118.5409   34.8218  3.1741e+00 -3.0067e+00 -8.2714e-01  5.0000e-01  5.0000e-01  5.0000e-01  0.0000e+00  0.0000e+00  0.0000e+00       0.0       0.0      0275
 -118.3991   34.6185 -1.8989e+00  1.7742e+00 -2.7532e-02  5.0000e-01  5.0000e-01  5.0000e-01  0.0000e+00  0.0000e+00  0.0000e+00       0.0       0.0      0276
 -118.1887   34.9821  1.1417e+01 -8.0856e+00  1.7200e-01  5.0000e-01  5.0000e-01  5.0000e-01  0.0000e+00  0.0000e+00  0.0000e+00       0.0       0.0      0277
 -119.4212   35.4187  6.6630e+00 -5.1110e+00  2.1672e-01  5.0000e-01  5.0000e-01  5.0000e-01  0.0000e+00  0.0000e+00  0.0000e+00       0.0       0.0      0278
 -119.2366   35.7439  1.1396e+01 -9.1362e+00 -5.3839e-01  5.0000e-01  5.0000e-01  5.0000e-01  0.0000e+00  0.0000e+00  0.0000e+00       0.0       0.0      0279
 -119.2293   36.3245  1.2165e+01 -9.6309e+00 -2.3080e-01  5.0000e-01  5.0000e-01  5.0000e-01  0.0000e+00  0.0000e+00  0.0000e+00       0.0       0.0      0280
 -118.7536   35.4209  1.1210e+01 -8.4518e+00  2.8999e-01  5.0000e-01  5.0000e-01  5.0000e-01  0.0000e+00  0.0000e+00  0.0000e+00       0.0       0.0      0281
 -118.7667   36.2314  1.4072e+01 -9.4998e+00  1.4263e-01  5.0000e-01  5.0000e-01  5.0000e-01  0.0000e+00  0.0000e+00  0.0000e+00       0.0       0.0      0282
 -120.9700   35.6697 -1.1692e+01  7.3094e+00 -1.3292e-01  5.0000e-01  5.0000e-01  5.0000e-01  0.0000e+00  0.0000e+00  0.0000e+00       0.0       0.0      0283
 -117.3189   34.3046  9.8125e+00 -7.4442e+00 -6.3054e-02  5.0000e-01  5.0000e-01  5.0000e-01  0.0000e+00  0.0000e+00  0.0000e+00       0.0       0.0      0284
 -117.7290   34.5097  8.5882e+00 -6.9426e+00  1.4582e-03  5.0000e-01  5.0000e-01  5.0000e-01  0.0000e+00  0.0000e+00  0.0000e+00       0.0       0.0      0285
 -117.5434   34.9870  1.2962e+01 -8.9346e+00 -9.1173e-01  5.0000e-01  5.0000e-01  5.0000e-01  0.0000e+00  0.0000e+00  0.0000e+00       0.0       0.0      0286
 -116.9516   33.8926  5.6371e+00 -4.0327e+00  1.7831e-01  5.0000e-01  5.0000e-01  5.0000e-01  0.0000e+00  0.0000e+00  0.0000e+00       0.0       0.0      0287
 -117.2805   34.5348  1.1365e+01 -8.3808e+00  6.6308e-01  5.0000e-01  5.0000e-01  5.0000e-01  0.0000e+00  0.0000e+00  0.0000e+00       0.0       0.0      0288
 -117.2676   34.7854  1.2492e+01 -9.1429e+00 -1.0284e+00  5.0000e-01  5.0000e-01  5.0000e-01  0.0000e+00  0.0000e+00  0.0000e+00       0.0       0.0      0289
 -117.1102   34.6207  1.1831e+01 -7.5133e+00  4.8476e-02  5.0000e-01  5.0000e-01  5.0000e-01  0.0000e+00  0.0000e+00  0.0000e+00       0.0       0.0      0290
 -118.0165   35.1524  1.1345e+01 -9.4016e+00 -3.9857e-03  5.0000e-01  5.0000e-01  5.0000e-01  0.0000e+00  0.0000e+00  0.0000e+00       0.0       0.0      0291
 -117.3901   35.8967  1.3609e+01 -1.0849e+01  3.7822e-01  5.0000e-01  5.0000e-01  5.0000e-01  0.0000e+00  0.0000e+00  0.0000e+00       0.0       0.0      0292
 -117.4028   35.6976  1.2739e+01 -9.6771e+00 -2.8509e-01  5.0000e-01  5.0000e-01  5.0000e-01  0.0000e+00  0.0000e+00  0.0000e+00       0.0       0.0      0293
 -116.2119   33.8658  1.1608e+01 -9.0190e+00 -1.3185e-01  5.0000e-01  5.0000e-01  5.0000e-01  0.0000e+00  0.0000e+00  0.0000e+00       0.0       0.0      0294
 -116.8796   34.4621  1.2805e+01 -8.9693e+00  2.0543e-01  5.0000e-01  5.0000e-01  5.0000e-01  0.0000e+00  0.0000e+00  0.0000e+00       0.0       0.0      0295
 -117.3155   34.1874  7.7191e+00 -6.2333e+00 -2.8453e-02  5.0000e-01  5.0000e-01  5.0000e-01  0.0000e+00  0.0000e+00  0.0000e+00       0.0       0.0      0296
 -116.1039   35.1419  1.3277e+01 -1.0578e+01  5.5499e-01  5.0000e-01  5.0000e-01  5.0000e-01  0.0000e+00  0.0000e+00  0.0000e+00       0.0       0.0      0297
 -115.5439   35.4728  1.3444e+01 -1.0536e+01  6.6918e-01  5.0000e-01  5.0000e-01  5.0000e-01  0.0000e+00  0.0000e+00  0.0000e+00       0.0       0.0      0298
 -115.3659   35.1630  1.2963e+01 -1.0488e+01 -1.9868e-01  5.0000e-01  5.0000e-01  5.0000e-01  0.0000e+00  0.0000e+00  0.0000e+00       0.0       0.0      0299
 -114.5994   34.1889  1.2674e+01 -1.0985e+01  2.4230e-01  5.0000e-01  5.0000e-01  5.0000e-01  0.0000e+00  0.0000e+00  0.0000e+00       0.0       0.0      0300
 -115.2383   35.2911  1.2519e+01 -9.7098e+00 -2.4899e-01  5.0000e-01  5.0000e-01  5.0000e-01  0.0000e+00  0.0000e+00  0.0000e+00       0.0       0.0      0301
 -117.9226   34.5082  6.2840e+00 -4.4965e+00  6.2497e-01  5.0000e-01  5.0000e-01  5.0000e-01  0.0000e+00  0.0000e+00  0.0000e+00       0.0       0.0      0302
 -116.6864   36.9018  1.3316e+01 -1.0394e+01 -9.1472e-01  5.0000e-01  5.0000e-01  5.0000e-01  0.0000e+00  0.0000e+00  0.0000e+00       0.0       0.0      0303
 -117.6945   34.9254  1.2160e+01 -9.7334e+00 -3.4514e-01  5.0000e-01  5.0000e-01  5.0000e-01  0.0000e+00  0.0000e+00  0.0000e+00       0.0       0.0      0304
 -116.4582   33.6122  6.4725e+00 -5.3622e+00  1.5224e+00  5.0000e-01  5.0000e-01  5.0000e-01  0.0000e+00  0.0000e+00  0.0000e+00       0.0       0.0      0305
 -116.4576   33.6121  6.8216e+00 -5.7067e+00  2.9786e-01  5.0000e-01  5.0000e-01  5.0000e-01  0.0000e+00  0.0000e+00  0.0000e+00       0.0       0.0      0306
 -120.5416   35.9452  8.1656e-01 -2.1195e+00  4.0747e-01  5.0000e-01  5.0000e-01  5.0000e-01  0.0000e+00  0.0000e+00  0.0000e+00       0.0       0.0      0307
 -118.2329   34.0716 -1.1228e+01  8.2646e+00  4.5547e-01  5.0000e-01  5.0000e-01  5.0000e-01  0.0000e+00  0.0000e+00  0.0000e+00       0.0       0.0      0308
 -117.2430   32.6654 -1.2848e+01  1.0198e+01 -1.3160e-01  5.0000e-01  5.0000e-01  5.0000e-01  0.0000e+00  0.0000e+00  0.0000e+00       0.0       0.0      0309
 -118.1537   33.9026 -1.1948e+01  8.6146e+00 -1.8667e-01  5.0000e-01  5.0000e-01  5.0000e-01  0.0000e+00  0.0000e+00  0.0000e+00       0.0       0.0      0310
 -116.8595   33.3572 -9.7384e+00  6.4862e+00  1.2661e-01  5.0000e-01  5.0000e-01  5.0000e-01  0.0000e+00  0.0000e+00  0.0000e+00       0.0       0.0      0311
 -119.0569   37.8314  1.2926e+01 -1.0328e+01  1.6611e-01  5.0000e-01  5.0000e-01  5.0000e-01  0.0000e+00  0.0000e+00  0.0000e+00       0.0       0.0      0312
 -116.1198   36.5796  1.2860e+01 -1.0631e+01 -5.6843e-02  5.0000e-01  5.0000e-01  5.0000e-01  0.0000e+00  0.0000e+00  0.0000e+00       0.0       0.0      0313
 -120.4784   35.9199  1.9288e+00 -2.5624e+00 -9.6472e-01  5.0000e-01  5.0000e-01  5.0000e-01  0.0000e+00  0.0000e+00  0.0000e+00       0.0       0.0      0314
 -117.1821   33.8357 -3.8835e+00  1.8702e+00  4.7952e-01  5.0000e-01  5.0000e-01  5.0000e-01  0.0000e+00  0.0000e+00  0.0000e+00       0.0       0.0      0315
 -116.4940   33.8192  1.0452e+01 -8.0528e+00 -2.8758e-01  5.0000e-01  5.0000e-01  5.0000e-01  0.0000e+00  0.0000e+00  0.0000e+00       0.0       0.0      0316
 -117.8071   34.0918 -7.6197e+00  5.8701e+00  4.7644e-01  5.0000e-01  5.0000e-01  5.0000e-01  0.0000e+00  0.0000e+00  0.0000e+00       0.0       0.0      0317
 -118.4043   33.7433 -1.1888e+01  8.4567e+00 -1.6352e-02  5.0000e-01  5.0000e-01  5.0000e-01  0.0000e+00  0.0000e+00  0.0000e+00       0.0       0.0      0318
 -118.3722   33.7795 -1.3238e+01  9.0088e+00 -8.2074e-03  5.0000e-01  5.0000e-01  5.0000e-01  0.0000e+00  0.0000e+00  0.0000e+00       0.0       0.0      0319
 -118.3206   33.7739 -1.2256e+01  9.2748e+00 -2.8385e-01  5.0000e-01  5.0000e-01  5.0000e-01  0.0000e+00  0.0000e+00  0.0000e+00       0.0       0.0      0320
 -118.2448   34.6287  4.3407e+00 -6.3440e-01 -7.9561e-01  5.0000e-01  5.0000e-01  5.0000e-01  0.0000e+00  0.0000e+00  0.0000e+00       0.0       0.0      0321
 -116.9172   33.0422 -1.1610e+01  9.3136e+00 -2.0601e-01  5.0000e-01  5.0000e-01  5.0000e-01  0.0000e+00  0.0000e+00  0.0000e+00       0.0       0.0      0322
 -117.6833   35.3387  1.3205e+01 -9.2871e+00  4.6332e-01  5.0000e-01  5.0000e-01  5.0000e-01  0.0000e+00  0.0000e+00  0.0000e+00       0.0       0.0      0323
 -119.7200   34.5000 -1.3461e+01  1.0348e+01 -9.0678e-01  5.0000e-01  5.0000e-01  5.0000e-01  0.0000e+00  0.0000e+00  0.0000e+00       0.0       0.0      0324
 -116.6247   34.6439  1.2756e+01 -9.6413e+00  4.0392e-01  5.0000e-01  5.0000e-01  5.0000e-01  0.0000e+00  0.0000e+00  0.0000e+00       0.0       0.0      0325
 -118.8979   37.6771  1.4219e+01 -9.5316e+00  8.2477e-02  5.0000e-01  5.0000e-01  5.0000e-01  0.0000e+00  0.0000e+00  0.0000e+00       0.0       0.0      0326
 -116.5543   36.7154  1.3992e+01 -1.0568e+01 -2.5392e-01  5.0000e-01  5.0000e-01  5.0000e-01  0.0000e+00  0.0000e+00  0.0000e+00       0.0       0.0      0327
 -116.4683   36.8404  1.3475e+01 -1.1088e+01  2.9439e-01  5.0000e-01  5.0000e-01  5.0000e-01  0.0000e+00  0.0000e+00  0.0000e+00       0.0       0.0      0328
 -118.0262   34.0190 -1.0695e+01  7.4701e+00 -3.6459e-01  5.0000e-01  5.0000e-01  5.0000e-01  0.0000e+00  0.0000e+00  0.0000e+00       0.0       0.0      0329
 -120.5248   35.9000  2.2729e-01  1.2162e-01 -4.5520e-01  5.0000e-01  5.0000e-01  5.0000e-01  0.0000e+00  0.0000e+00  0.0000e+00       0.0       0.0      0330
 -116.6098   33.6110  3.3014e+00 -1.5925e+00 -1.0804e-01  5.0000e-01  5.0000e-01  5.0000e-01  0.0000e+00  0.0000e+00  0.0000e+00       0.0       0.0      0331
 -118.6764   34.2357 -1.0765e+01  9.1288e+00  2.3481e-01  5.0000e-01  5.0000e-01  5.0000e-01  0.0000e+00  0.0000e+00  0.0000e+00       0.0       0.0      0332
 -117.0855   36.2179  1.3383e+01 -9.5130e+00  9.9074e-02  5.0000e-01  5.0000e-01  5.0000e-01  0.0000e+00  0.0000e+00  0.0000e+00       0.0       0.0      0333
 -118.1929   34.8751  9.5183e+00 -8.2435e+00  1.9781e-01  5.0000e-01  5.0000e-01  5.0000e-01  0.0000e+00  0.0000e+00  0.0000e+00       0.0       0.0      0334
 -119.1844   34.5415 -1.1865e+01  8.8449e+00  8.6793e-01  5.0000e-01  5.0000e-01  5.0000e-01  0.0000e+00  0.0000e+00  0.0000e+00       0.0       0.0      0335
 -117.3533   34.0891  3.6460e+00 -2.7491e+00  5.8056e-01  5.0000e-01  5.0000e-01  5.0000e-01  0.0000e+00  0.0000e+00  0.0000e+00       0.0       0.0      0336
 -116.6501   36.3163  1.3729e+01 -1.0063e+01  9.5792e-01  5.0000e-01  5.0000e-01  5.0000e-01  0.0000e+00  0.0000e+00  0.0000e+00       0.0       0.0      0337
 -121.5583   37.6665  1.3191e+01 -9.4835e+00  1.3168e+00  5.0000e-01  5.0000e-01  5.0000e-01  0.0000e+00  0.0000e+00  0.0000e+00       0.0       0.0      0338
 -117.8956   33.7432 -1.1410e+01  8.4691e+00 -8.3275e-01  5.0000e-01  5.0000e-01  5.0000e-01  0.0000e+00  0.0000e+00  0.0000e+00       0.0       0.0      0339
 -121.4472   36.7653  1.1669e+01 -6.3889e+00 -3.4947e-01  5.0000e-01  5.0000e-01  5.0000e-01  0.0000e+00  0.0000e+00  0.0000e+00       0.0       0.0      0340
 -118.9532   37.6899  1.4152e+01 -1.0534e+01 -1.2978e-02  5.0000e-01  5.0000e-01  5.0000e-01  0.0000e+00  0.0000e+00  0.0000e+00       0.0       0.0      0341
 -117.6615   33.5530 -1.1381e+01  9.6239e+00  7.4584e-01  5.0000e-01  5.0000e-01  5.0000e-01  0.0000e+00  0.0000e+00  0.0000e+00       0.0       0.0      0342
 -117.3883   34.6074  1.2146e+01 -9.1136e+00  4.0669e-01  5.0000e-01  5.0000e-01  5.0000e-01  0.0000e+00  0.0000e+00  0.0000e+00       0.0       0.0      0343
 -118.4879   32.9144 -1.2476e+01  9.8913e+00  7.9420e-01  5.0000e-01  5.0000e-01  5.0000e-01  0.0000e+00  0.0000e+00  0.0000e+00       0.0       0.0      0344
 -117.6346   33.4441 -1.1707e+01  9.1594e+00  2.6795e-01  5.0000e-01  5.0000e-01  5.0000e-01  0.0000e+00  0.0000e+00  0.0000e+00       0.0       0.0      0345
 -116.2789   34.2550  1.1879e+01 -9.1782e+00 -3.6751e-01  5.0000e-01  5.0000e-01  5.0000e-01  0.0000e+00  0.0000e+00  0.0000e+00       0.0       0.0      0346
 -118.7545   34.4598 -1.0996e+01  6.9580e+00 -1.8369e-01  5.0000e-01  5.0000e-01  5.0000e-01  0.0000e+00  0.0000e+00  0.0000e+00       0.0       0.0      0347
 -117.8617   34.2056 -5.4004e+00  3.5770e+00 -1.1517e-01  5.0000e-01  5.0000e-01  5.0000e-01  0.0000e+00  0.0000e+00  0.0000e+00       0.0       0.0      0348
 -118.1090   34.0886 -1.0015e+01  7.9652e+00 -2.6653e-01  5.0000e-01  5.0000e-01  5.0000e-01  0.0000e+00  0.0000e+00  0.0000e+00       0.0       0.0      0349
 -116.6957   33.9125  9.2796e+00 -7.1252e+00 -1.5172e-01  5.0000e-01  5.0000e-01  5.0000e-01  0.0000e+00  0.0000e+00  0.0000e+00       0.0       0.0      0350
 -116.2990   35.9713  1.3156e+01 -9.4347e+00 -1.8285e-02  5.0000e-01  5.0000e-01  5.0000e-01  0.0000e+00  0.0000e+00  0.0000e+00       0.0       0.0      0351
 -116.0156   34.6243  1.2953e+01 -9.6354e+00 -5.2032e-01  5.0000e-01  5.0000e-01  5.0000e-01  0.0000e+00  0.0000e+00  0.0000e+00       0.0       0.0      0352
 -118.2639   34.1029 -1.1137e+01  7.6897e+00  5.2648e-01  5.0000e-01  5.0000e-01  5.0000e-01  0.0000e+00  0.0000e+00  0.0000e+00       0.0       0.0      0353
 -117.2504   32.8647 -1.2989e+01  9.3334e+00  1.9040e-01  5.0000e-01  5.0000e-01  5.0000e-01  0.0000e+00  0.0000e+00  0.0000e+00       0.0       0.0      0354
 -117.2497   32.8407 -1.2641e+01  9.9060e+00 -1.4269e-01  5.0000e-01  5.0000e-01  5.0000e-01  0.0000e+00  0.0000e+00  0.0000e+00       0.0       0.0      0355
 -116.2106   36.7305  1.2425e+01 -1.0576e+01 -1.7887e-01  5.0000e-01  5.0000e-01  5.0000e-01  0.0000e+00  0.0000e+00  0.0000e+00       0.0       0.0      0356
 -115.9778   33.2922  7.4741e+00 -4.1858e+00 -1.1703e-01  5.0000e-01  5.0000e-01  5.0000e-01  0.0000e+00  0.0000e+00  0.0000e+00       0.0       0.0      0357
 -115.5875   36.3196  1.3130e+01 -1.0554e+01  9.6943e-02  5.0000e-01  5.0000e-01  5.0000e-01  0.0000e+00  0.0000e+00  0.0000e+00       0.0       0.0      0358
 -117.9286   33.9273 -1.0277e+01  8.1499e+00  3.4894e-01  5.0000e-01  5.0000e-01  5.0000e-01  0.0000e+00  0.0000e+00  0.0000e+00       0.0       0.0      0359
 -119.5244   33.2479 -1.4068e+01  1.0521e+01 -2.3678e-02  5.0000e-01  5.0000e-01  5.0000e-01  0.0000e+00  0.0000e+00  0.0000e+00       0.0       0.0      0360
 -121.9255   37.1664  1.1344e+01 -7.2449e+00 -1.7622e-01  5.0000e-01  5.0000e-01  5.0000e-01  0.0000e+00  0.0000e+00  0.0000e+00       0.0       0.0      0361
 -119.0643   34.3199 -1.1756e+01  8.6233e+00 -3.1854e-01  5.0000e-01  5.0000e-01  5.0000e-01  0.0000e+00  0.0000e+00  0.0000e+00       0.0       0.0      0362
 -118.6462   34.0593 -1.2635e+01  9.0641e+00 -2.5643e-01  5.0000e-01  5.0000e-01  5.0000e-01  0.0000e+00  0.0000e+00  0.0000e+00       0.0       0.0      0363
 -117.8488   33.9927 -9.8754e+00  7.1023e+00  2.6768e-01  5.0000e-01  5.0000e-01  5.0000e-01  0.0000e+00  0.0000e+00  0.0000e+00       0.0       0.0      0364
 -120.0652   34.0043 -1.3356e+01  9.0529e+00  5.5801e-01  5.0000e-01  5.0000e-01  5.0000e-01  0.0000e+00  0.0000e+00  0.0000e+00       0.0       0.0      0365
 -116.3378   36.6446  1.3556e+01 -1.0727e+01  6.1377e-01  5.0000e-01  5.0000e-01  5.0000e-01  0.0000e+00  0.0000e+00  0.0000e+00       0.0       0.0      0366
 -117.6783   34.3818  6.8699e+00 -5.4800e+00 -3.2784e-01  5.0000e-01  5.0000e-01  5.0000e-01  0.0000e+00  0.0000e+00  0.0000e+00       0.0       0.0      0367
 -116.5743   36.9316  1.3269e+01 -1.0306e+01 -7.3569e-01  5.0000e-01  5.0000e-01  5.0000e-01  0.0000e+00  0.0000e+00  0.0000e+00       0.0       0.0      0368
 -120.3603   35.9174  5.1255e+00 -4.3138e+00  6.5747e-01  5.0000e-01  5.0000e-01  5.0000e-01  0.0000e+00  0.0000e+00  0.0000e+00       0.0       0.0      0369
 -121.9355   37.3515  1.2183e+01 -7.7118e+00  1.7807e-02  5.0000e-01  5.0000e-01  5.0000e-01  0.0000e+00  0.0000e+00  0.0000e+00       0.0       0.0      0370
 -118.4146   35.1582  1.0898e+01 -7.4897e+00  6.0949e-01  5.0000e-01  5.0000e-01  5.0000e-01  0.0000e+00  0.0000e+00  0.0000e+00       0.0       0.0      0371
 -118.8629   37.6189  1.2618e+01 -1.0388e+01  3.5462e-01  5.0000e-01  5.0000e-01  5.0000e-01  0.0000e+00  0.0000e+00  0.0000e+00       0.0       0.0      0372
 -116.2297   36.9348  1.3950e+01 -1.0486e+01  5.4376e-01  5.0000e-01  5.0000e-01  5.0000e-01  0.0000e+00  0.0000e+00  0.0000e+00       0.0       0.0      0373
 -120.1326   34.4835 -1.2798e+01  9.7640e+00  1.4546e-01  5.0000e-01  5.0000e-01  5.0000e-01  0.0000e+00  0.0000e+00  0.0000e+00       0.0       0.0      0374
 -116.1605   33.6412  1.0816e+01 -7.7911e+00 -3.0290e-01  5.0000e-01  5.0000e-01  5.0000e-01  0.0000e+00  0.0000e+00  0.0000e+00       0.0       0.0      0375
 -118.3306   33.7978 -1.2391e+01  8.3854e+00 -1.7876e+00  5.0000e-01  5.0000e-01  5.0000e-01  0.0000e+00  0.0000e+00  0.0000e+00       0.0       0.0      0376
 -118.8367   34.2480 -1.1723e+01  9.0439e+00 -3.2277e-01  5.0000e-01  5.0000e-01  5.0000e-01  0.0000e+00  0.0000e+00  0.0000e+00       0.0       0.0      0377
 -117.8034   33.6179 -1.2426e+01  8.6524e+00 -4.6567e-02  5.0000e-01  5.0000e-01  5.0000e-01  0.0000e+00  0.0000e+00  0.0000e+00       0.0       0.0      0378
 -116.5305   34.8386  1.2373e+01 -9.1145e+00 -6.8840e-01  5.0000e-01  5.0000e-01  5.0000e-01  0.0000e+00  0.0000e+00  0.0000e+00       0.0       0.0      0379
 -117.7255   33.9725 -9.2603e+00  6.7578e+00 -2.9068e-01  5.0000e-01  5.0000e-01  5.0000e-01  0.0000e+00  0.0000e+00  0.0000e+00       0.0       0.0      0380
 -118.4419   34.0691 -1.1275e+01  8.8774e+00 -2.7224e-01  5.0000e-01  5.0000e-01  5.0000e-01  0.0000e+00  0.0000e+00  0.0000e+00       0.0       0.0      0381
 -119.8438   34.4133 -1.3200e+01  9.5839e+00  2.2318e-01  5.0000e-01  5.0000e-01  5.0000e-01  0.0000e+00  0.0000e+00  0.0000e+00       0.0       0.0      0382
 -118.2851   34.0239 -1.1596e+01  8.7436e+00 -4.0520e-02  5.0000e-01  5.0000e-01  5.0000e-01  0.0000e+00  0.0000e+00  0.0000e+00       0.0       0.0      0383
 -116.0853   33.0301 -6.8431e+00  5.6934e+00  1.1076e+00  5.0000e-01  5.0000e-01  5.0000e-01  0.0000e+00  0.0000e+00  0.0000e+00       0.0       0.0      0384
 -120.6611   35.3118 -1.1593e+01  8.9841e+00  4.1187e-01  5.0000e-01  5.0000e-01  5.0000e-01  0.0000e+00  0.0000e+00  0.0000e+00       0.0       0.0      0385
 -120.5635   34.8266 -1.2900e+01  9.2395e+00 -3.1345e-01  5.0000e-01  5.0000e-01  5.0000e-01  0.0000e+00  0.0000e+00  0.0000e+00       0.0       0.0      0386
 -119.4839   34.8515 -1.1104e+01  8.1974e+00 -3.3710e-01  5.0000e-01  5.0000e-01  5.0000e-01  0.0000e+00  0.0000e+00  0.0000e+00       0.0       0.0      0387
 -118.2200   34.1786 -1.0288e+01  7.9815e+00  2.8826e-01  5.0000e-01  5.0000e-01  5.0000e-01  0.0000e+00  0.0000e+00  0.0000e+00       0.0       0.0      0388
 -118.5144   34.1264 -1.1923e+01  9.7468e+00  2.8831e-02  5.0000e-01  5.0000e-01  5.0000e-01  0.0000e+00  0.0000e+00  0.0000e+00       0.0       0.0      0389
 -119.2377   34.2758 -1.3002e+01  8.6356e+00  3.7021e-01  5.0000e-01  5.0000e-01  5.0000e-01  0.0000e+00  0.0000e+00  0.0000e+00       0.0       0.0      0390
 -118.4845   34.2932 -1.0255e+01  8.5721e+00  3.5487e-01  5.0000e-01  5.0000e-01  5.0000e-01  0.0000e+00  0.0000e+00  0.0000e+00       0.0       0.0      0391
 -120.6164   34.5563 -1.4719e+01  9.7126e+00 -4.2585e-01  5.0000e-01  5.0000e-01  5.0000e-01  0.0000e+00  0.0000e+00  0.0000e+00       0.0       0.0      0392
 -118.1212   34.5015  8.5632e-01 -8.0519e-01  2.0896e-01  5.0000e-01  5.0000e-01  5.0000e-01  0.0000e+00  0.0000e+00  0.0000e+00       0.0       0.0      0393
 -118.2938   33.7126 -1.2008e+01  9.3732e+00  3.0022e-01  5.0000e-01  5.0000e-01  5.0000e-01  0.0000e+00  0.0000e+00  0.0000e+00       0.0       0.0      0394
 -117.9920   34.0309 -1.0466e+01  7.5282e+00 -5.8680e-01  5.0000e-01  5.0000e-01  5.0000e-01  0.0000e+00  0.0000e+00  0.0000e+00       0.0       0.0      0395
 -118.6539   37.6643  1.3098e+01 -9.5336e+00 -3.9784e-02  5.0000e-01  5.0000e-01  5.0000e-01  0.0000e+00  0.0000e+00  0.0000e+00       0.0       0.0      0396
 -117.9111   34.0619 -9.5873e+00  7.3468e+00 -4.6657e-02  5.0000e-01  5.0000e-01  5.0000e-01  0.0000e+00  0.0000e+00  0.0000e+00       0.0       0.0      0397
 -118.9837   35.0108  4.9288e-01  5.9351e-01 -1.4827e+00  5.0000e-01  5.0000e-01  5.0000e-01  0.0000e+00  0.0000e+00  0.0000e+00       0.0       0.0      0398
 -118.0312   33.9799 -1.0230e+01  7.6892e+00 -2.8758e-01  5.0000e-01  5.0000e-01  5.0000e-01  0.0000e+00  0.0000e+00  0.0000e+00       0.0       0.0      0399
 -117.6435   33.6745 -1.1302e+01  7.7187e+00  4.7207e-01  5.0000e-01  5.0000e-01  5.0000e-01  0.0000e+00  0.0000e+00  0.0000e+00       0.0       0.0      0400
 -116.3918   33.9348  1.1332e+01 -7.8957e+00 -8.6627e-01  5.0000e-01  5.0000e-01  5.0000e-01  0.0000e+00  0.0000e+00  0.0000e+00       0.0       0.0      0401
 -118.7415   34.5685 -8.6706e+00  6.7468e+00 -1.7712e-02  5.0000e-01  5.0000e-01  5.0000e-01  0.0000e+00  0.0000e+00  0.0000e+00       0.0       0.0      0402
 -118.0559   34.2261 -8.2898e+00  6.1856e+00 -1.5061e-01  5.0000e-01  5.0000e-01  5.0000e-01  0.0000e+00  0.0000e+00  0.0000e+00       0.0       0.0      0403
 -118.4143   34.2594 -1.1033e+01  7.2406e+00 -2.7135e-01  5.0000e-01  5.0000e-01  5.0000e-01  0.0000e+00  0.0000e+00  0.0000e+00       0.0       0.0      0404
 -118.0593   34.0432 -1.0867e+01  7.1648e+00 -8.0707e-01  5.0000e-01  5.0000e-01  5.0000e-01  0.0000e+00  0.0000e+00  0.0000e+00       0.0       0.0      0405
 -116.9317   34.6690  1.2840e+01 -8.9383e+00  1.0998e-01  5.0000e-01  5.0000e-01  5.0000e-01  0.0000e+00  0.0000e+00  0.0000e+00       0.0       0.0      0406
 -118.4276   33.9582 -1.2603e+01  8.4080e+00  3.1032e-01  5.0000e-01  5.0000e-01  5.0000e-01  0.0000e+00  0.0000e+00  0.0000e+00       0.0       0.0      0407
 -116.6539   33.9553  1.0541e+01 -7.3588e+00  5.3372e-01  5.0000e-01  5.0000e-01  5.0000e-01  0.0000e+00  0.0000e+00  0.0000e+00       0.0       0.0      0408
