       lon       lat          ve          vn          vu          se          sn          su         ren         reu         rnu     start    finish      name
 -117.0932   34.1164 -3.1459e+01 -2.3884e+01  5.5191e+01  0.0000e+00  0.0000e+00  0.0000e+00  0.0000e+00  0.0000e+00  0.0000e+00       0.0       0.0      0001
 -116.4294   34.5943  5.9370e+00  1.0102e+01  9.7702e+01  0.0000e+00  0.0000e+00  0.0000e+00  0.0000e+00  0.0000e+00  0.0000e+00       0.0       0.0      0002
 -115.1585   37.3580  2.6195e+00  7.1530e+00  2.2555e+00  0.0000e+00  0.0000e+00  0.0000e+00  0.0000e+00  0.0000e+00  0.0000e+00       0.0       0.0      0003
 -118.6948   34.8245 -1.6662e+01  2.5599e+00  8.3017e+00  0.0000e+00  0.0000e+00  0.0000e+00  0.0000e+00  0.0000e+00  0.0000e+00       0.0       0.0      0004
 -119.3635   34.0150 -1.0584e+01 -2.1883e+00  4.0882e+00  0.0000e+00  0.0000e+00  0.0000e+00  0.0000e+00  0.0000e+00  0.0000e+00       0.0       0.0      0005
 -118.8303   34.1574 -1.4322e+01 -2.9713e+00  6.7668e+00  0.0000e+00  0.0000e+00  0.0000e+00  0.0000e+00  0.0000e+00  0.0000e+00       0.0       0.0      0006
 -114.9318   36.3191  7.3387e+00  1.0718e+01  5.2814e+00  0.0000e+00  0.0000e+00  0.0000e+00  0.0000e+00  0.0000e+00  0.0000e+00       0.0       0.0      0007
 -117.5219   36.0500 -8.8202e+00  1.6075e+01  9.4311e+00  0.0000e+00  0.0000e+00  0.0000e+00  0.0000e+00  0.0000e+00  0.0000e+00       0.0       0.0      0008
 -118.9104   35.2013 -1.3185e+01  4.5022e+00  6.0156e+00  0.0000e+00  0.0000e+00  0.0000e+00  0.0000e+00  0.0000e+00  0.0000e+00       0.0       0.0      0009
 -117.1540   34.4683 -3.8605e+01 -2.8180e+00  6.2606e+01  0.0000e+00  0.0000e+00  0.0000e+00  0.0000e+00  0.0000e+00  0.0000e+00       0.0       0.0      0010
 -116.6297   33.5401 -4.1242e+00 -3.3658e+01  3.1676e+01  0.0000e+00  0.0000e+00  0.0000e+00  0.0000e+00  0.0000e+00  0.0000e+00       0.0       0.0      0011
 -117.8965   34.1260 -2.9476e+01 -1.2087e+01  1.3742e+01  0.0000e+00  0.0000e+00  0.0000e+00  0.0000e+00  0.0000e+00  0.0000e+00       0.0       0.0      0012
 -118.9014   37.7834 -2.5808e+00  4.3875e+00  1.2103e+00  0.0000e+00  0.0000e+00  0.0000e+00  0.0000e+00  0.0000e+00  0.0000e+00       0.0       0.0      0013
 -119.0297   33.4804 -1.0268e+01 -4.8060e+00  4.4507e+00  0.0000e+00  0.0000e+00  0.0000e+00  0.0000e+00  0.0000e+00  0.0000e+00       0.0       0.0      0014
 -119.9815   34.5822 -8.2592e+00  2.5639e-01  2.6214e+00  0.0000e+00  0.0000e+00  0.0000e+00  0.0000e+00  0.0000e+00  0.0000e+00       0.0       0.0      0015
 -116.8842   34.2643 -2.7795e+01 -2.0348e+01  7.6518e+01  0.0000e+00  0.0000e+00  0.0000e+00  0.0000e+00  0.0000e+00  0.0000e+00       0.0       0.0      0016
 -119.4058   34.9205 -1.0839e+01  1.8333e+00  4.1180e+00  0.0000e+00  0.0000e+00  0.0000e+00  0.0000e+00  0.0000e+00  0.0000e+00       0.0       0.0      0017
 -116.6211   37.0399 -4.8292e-01  1.0452e+01  3.7300e+00  0.0000e+00  0.0000e+00  0.0000e+00  0.0000e+00  0.0000e+00  0.0000e+00       0.0       0.0      0018
 -115.9982   34.0005  2.4586e+01 -2.9365e+01  5.3301e+01  0.0000e+00  0.0000e+00  0.0000e+00  0.0000e+00  0.0000e+00  0.0000e+00       0.0       0.0      0019
 -118.0741   35.8784 -1.1410e+01  1.2024e+01  7.9583e+00  0.0000e+00  0.0000e+00  0.0000e+00  0.0000e+00  0.0000e+00  0.0000e+00       0.0       0.0      0020
 -118.1597   33.9671 -1.7741e+01 -7.3630e+00  6.2453e+00  0.0000e+00  0.0000e+00  0.0000e+00  0.0000e+00  0.0000e+00  0.0000e+00       0.0       0.0      0021
 -117.0646   33.5782 -1.5515e+01 -2.8592e+01  2.8093e+01  0.0000e+00  0.0000e+00  0.0000e+00  0.0000e+00  0.0000e+00  0.0000e+00       0.0       0.0      0022
 -116.0804   35.2870  1.4157e+01  3.3079e+01  3.7897e+01  0.0000e+00  0.0000e+00  0.0000e+00  0.0000e+00  0.0000e+00  0.0000e+00       0.0       0.0      0023
 -118.0947   33.9623 -1.9531e+01 -7.6860e+00  5.6172e+00  0.0000e+00  0.0000e+00  0.0000e+00  0.0000e+00  0.0000e+00  0.0000e+00       0.0       0.0      0024
 -119.1095   35.1324 -1.2129e+01  3.4522e+00  5.1209e+00  0.0000e+00  0.0000e+00  0.0000e+00  0.0000e+00  0.0000e+00  0.0000e+00       0.0       0.0      0025
 -118.0287   33.7995 -2.0206e+01 -7.1354e+00  8.9865e+00  0.0000e+00  0.0000e+00  0.0000e+00  0.0000e+00  0.0000e+00  0.0000e+00       0.0       0.0      0026
 -114.7148   33.6104  1.6257e+01 -9.4812e+00  9.8389e+00  0.0000e+00  0.0000e+00  0.0000e+00  0.0000e+00  0.0000e+00  0.0000e+00       0.0       0.0      0027
 -116.0530   34.2514  2.9442e+01 -1.9679e+01  7.1945e+01  0.0000e+00  0.0000e+00  0.0000e+00  0.0000e+00  0.0000e+00  0.0000e+00       0.0       0.0      0028
 -116.9847   33.9627 -2.3941e+01 -3.0758e+01  5.1297e+01  0.0000e+00  0.0000e+00  0.0000e+00  0.0000e+00  0.0000e+00  0.0000e+00       0.0       0.0      0029
 -118.2770   34.1849 -1.9250e+01 -7.0151e+00  1.0112e+01  0.0000e+00  0.0000e+00  0.0000e+00  0.0000e+00  0.0000e+00  0.0000e+00       0.0       0.0      0030
 -118.5768   34.6823 -1.8303e+01  1.2728e+00  9.5867e+00  0.0000e+00  0.0000e+00  0.0000e+00  0.0000e+00  0.0000e+00  0.0000e+00       0.0       0.0      0031
 -117.0120   34.9186 -2.7667e+01  2.6556e+01  5.8045e+01  0.0000e+00  0.0000e+00  0.0000e+00  0.0000e+00  0.0000e+00  0.0000e+00       0.0       0.0      0032
 -118.1882   34.2928 -2.2527e+01 -6.5354e+00  1.2731e+01  0.0000e+00  0.0000e+00  0.0000e+00  0.0000e+00  0.0000e+00  0.0000e+00       0.0       0.0      0033
 -116.8717   36.9176 -1.4673e+00  1.1122e+01  4.1726e+00  0.0000e+00  0.0000e+00  0.0000e+00  0.0000e+00  0.0000e+00  0.0000e+00       0.0       0.0      0034
 -116.4509   36.7453  1.2425e-01  1.2803e+01  5.1648e+00  0.0000e+00  0.0000e+00  0.0000e+00  0.0000e+00  0.0000e+00  0.0000e+00       0.0       0.0      0035
 -119.3475   35.1573 -1.0631e+01  2.9206e+00  4.1214e+00  0.0000e+00  0.0000e+00  0.0000e+00  0.0000e+00  0.0000e+00  0.0000e+00       0.0       0.0      0036
 -115.9899   33.6551  1.5440e+01 -3.0634e+01  3.2836e+01  0.0000e+00  0.0000e+00  0.0000e+00  0.0000e+00  0.0000e+00  0.0000e+00       0.0       0.0      0037
 -120.4337   35.9394 -5.2968e+00  2.4169e+00  1.4996e+00  0.0000e+00  0.0000e+00  0.0000e+00  0.0000e+00  0.0000e+00  0.0000e+00       0.0       0.0      0038
 -120.4308   35.8884 -5.3869e+00  2.3725e+00  1.5256e+00  0.0000e+00  0.0000e+00  0.0000e+00  0.0000e+00  0.0000e+00  0.0000e+00       0.0       0.0      0039
 -118.8967   37.6446 -2.8236e+00  4.5992e+00  1.3249e+00  0.0000e+00  0.0000e+00  0.0000e+00  0.0000e+00  0.0000e+00  0.0000e+00       0.0       0.0      0040
 -118.4830   33.4458 -1.2590e+01 -7.3597e+00  6.7561e+00  0.0000e+00  0.0000e+00  0.0000e+00  0.0000e+00  0.0000e+00  0.0000e+00       0.0       0.0      0041
 -118.3338   33.3116 -1.2325e+01 -8.7357e+00  7.0794e+00  0.0000e+00  0.0000e+00  0.0000e+00  0.0000e+00  0.0000e+00  0.0000e+00       0.0       0.0      0042
 -118.6298   34.1386 -1.5634e+01 -4.0177e+00  7.9539e+00  0.0000e+00  0.0000e+00  0.0000e+00  0.0000e+00  0.0000e+00  0.0000e+00       0.0       0.0      0043
 -117.6712   35.5653 -1.6100e+01  1.7470e+01  1.4981e+01  0.0000e+00  0.0000e+00  0.0000e+00  0.0000e+00  0.0000e+00  0.0000e+00       0.0       0.0      0044
 -118.2112   33.8763 -1.6513e+01 -6.2928e+00  7.3405e+00  0.0000e+00  0.0000e+00  0.0000e+00  0.0000e+00  0.0000e+00  0.0000e+00       0.0       0.0      0045
 -117.8649   33.8627 -2.5949e+01 -9.7035e+00  1.1995e+01  0.0000e+00  0.0000e+00  0.0000e+00  0.0000e+00  0.0000e+00  0.0000e+00       0.0       0.0      0046
 -119.0135   34.8064 -1.3746e+01  1.8049e+00  6.0166e+00  0.0000e+00  0.0000e+00  0.0000e+00  0.0000e+00  0.0000e+00  0.0000e+00       0.0       0.0      0047
 -116.3359   34.8295  1.1667e+01  2.9308e+01  8.0394e+01  0.0000e+00  0.0000e+00  0.0000e+00  0.0000e+00  0.0000e+00  0.0000e+00       0.0       0.0      0048
 -117.9649   34.2440 -2.7886e+01 -9.7604e+00  1.5797e+01  0.0000e+00  0.0000e+00  0.0000e+00  0.0000e+00  0.0000e+00  0.0000e+00       0.0       0.0      0049
 -118.0260   34.3334 -2.6800e+01 -6.8985e+00  1.6469e+01  0.0000e+00  0.0000e+00  0.0000e+00  0.0000e+00  0.0000e+00  0.0000e+00       0.0       0.0      0050
 -116.7655   36.7465 -1.3077e+00  1.2630e+01  5.0977e+00  0.0000e+00  0.0000e+00  0.0000e+00  0.0000e+00  0.0000e+00  0.0000e+00       0.0       0.0      0051
 -117.8277   34.6405 -3.1004e+01  2.5201e+00  2.4569e+01  0.0000e+00  0.0000e+00  0.0000e+00  0.0000e+00  0.0000e+00  0.0000e+00       0.0       0.0      0052
 -118.9373   34.1096 -1.3389e+01 -2.8596e+00  6.0686e+00  0.0000e+00  0.0000e+00  0.0000e+00  0.0000e+00  0.0000e+00  0.0000e+00       0.0       0.0      0053
 -118.1273   34.1367 -2.1293e+01 -9.7259e+00  9.2775e+00  0.0000e+00  0.0000e+00  0.0000e+00  0.0000e+00  0.0000e+00  0.0000e+00       0.0       0.0      0054
 -117.4794   34.3138 -3.7334e+01 -9.3643e+00  3.8626e+01  0.0000e+00  0.0000e+00  0.0000e+00  0.0000e+00  0.0000e+00  0.0000e+00       0.0       0.0      0055
 -117.7088   34.1099 -3.3099e+01 -1.3034e+01  2.2466e+01  0.0000e+00  0.0000e+00  0.0000e+00  0.0000e+00  0.0000e+00  0.0000e+00       0.0       0.0      0056
 -118.4114   34.3532 -1.9523e+01 -3.5021e+00  1.0751e+01  0.0000e+00  0.0000e+00  0.0000e+00  0.0000e+00  0.0000e+00  0.0000e+00       0.0       0.0      0057
 -121.2785   37.8964 -2.1418e+00  1.9419e+00  5.0992e-01  0.0000e+00  0.0000e+00  0.0000e+00  0.0000e+00  0.0000e+00  0.0000e+00       0.0       0.0      0058
 -117.6089   33.8576 -2.8040e+01 -1.6142e+01  2.2069e+01  0.0000e+00  0.0000e+00  0.0000e+00  0.0000e+00  0.0000e+00  0.0000e+00       0.0       0.0      0059
 -119.8795   34.4149 -8.6505e+00 -2.4877e-01  2.8279e+00  0.0000e+00  0.0000e+00  0.0000e+00  0.0000e+00  0.0000e+00  0.0000e+00       0.0       0.0      0060
 -117.8089   35.9823 -1.0273e+01  1.4005e+01  8.6035e+00  0.0000e+00  0.0000e+00  0.0000e+00  0.0000e+00  0.0000e+00  0.0000e+00       0.0       0.0      0061
 -116.3869   33.7325  4.3665e+00 -3.7129e+01  4.3673e+01  0.0000e+00  0.0000e+00  0.0000e+00  0.0000e+00  0.0000e+00  0.0000e+00       0.0       0.0      0062
 -117.5730   35.0717 -2.7163e+01  1.6877e+01  2.7343e+01  0.0000e+00  0.0000e+00  0.0000e+00  0.0000e+00  0.0000e+00  0.0000e+00       0.0       0.0      0063
 -116.5693   36.8077 -3.9406e-01  1.2245e+01  4.8083e+00  0.0000e+00  0.0000e+00  0.0000e+00  0.0000e+00  0.0000e+00  0.0000e+00       0.0       0.0      0064
 -120.7508   35.7916 -4.9434e+00  1.8888e+00  1.2945e+00  0.0000e+00  0.0000e+00  0.0000e+00  0.0000e+00  0.0000e+00  0.0000e+00       0.0       0.0      0065
 -117.0997   34.0391 -2.9321e+01 -2.6191e+01  5.0598e+01  0.0000e+00  0.0000e+00  0.0000e+00  0.0000e+00  0.0000e+00  0.0000e+00       0.0       0.0      0066
 -118.2728   33.8235 -1.5770e+01 -6.2478e+00  7.9144e+00  0.0000e+00  0.0000e+00  0.0000e+00  0.0000e+00  0.0000e+00  0.0000e+00       0.0       0.0      0067
 -115.7350   33.0698  8.8075e+00 -1.9547e+01  1.2400e+01  0.0000e+00  0.0000e+00  0.0000e+00  0.0000e+00  0.0000e+00  0.0000e+00       0.0       0.0      0068
 -119.7848   34.0293 -8.6580e+00 -1.4642e+00  2.9089e+00  0.0000e+00  0.0000e+00  0.0000e+00  0.0000e+00  0.0000e+00  0.0000e+00       0.0       0.0      0069
 -119.0390   34.1684 -1.2924e+01 -2.2570e+00  5.6287e+00  0.0000e+00  0.0000e+00  0.0000e+00  0.0000e+00  0.0000e+00  0.0000e+00       0.0       0.0      0070
 -118.2567   33.8615 -1.5963e+01 -6.2321e+00  7.6648e+00  0.0000e+00  0.0000e+00  0.0000e+00  0.0000e+00  0.0000e+00  0.0000e+00       0.0       0.0      0071
 -118.5238   34.2535 -1.7389e+01 -3.8558e+00  9.1719e+00  0.0000e+00  0.0000e+00  0.0000e+00  0.0000e+00  0.0000e+00  0.0000e+00       0.0       0.0      0072
 -119.3712   34.4081 -1.1249e+01 -5.2675e-01  4.3309e+00  0.0000e+00  0.0000e+00  0.0000e+00  0.0000e+00  0.0000e+00  0.0000e+00       0.0       0.0      0073
 -118.6132   34.5165 -1.7776e+01 -6.3812e-01  9.1437e+00  0.0000e+00  0.0000e+00  0.0000e+00  0.0000e+00  0.0000e+00  0.0000e+00       0.0       0.0      0074
 -116.3704   34.1241  8.9766e+00 -3.2177e+01  7.7150e+01  0.0000e+00  0.0000e+00  0.0000e+00  0.0000e+00  0.0000e+00  0.0000e+00       0.0       0.0      0075
 -119.6739   34.9426 -9.3920e+00  1.5712e+00  3.2708e+00  0.0000e+00  0.0000e+00  0.0000e+00  0.0000e+00  0.0000e+00  0.0000e+00       0.0       0.0      0076
 -117.9017   34.0820 -2.9062e+01 -1.2027e+01  1.1839e+01  0.0000e+00  0.0000e+00  0.0000e+00  0.0000e+00  0.0000e+00  0.0000e+00       0.0       0.0      0077
 -118.3969   34.3348 -1.9560e+01 -3.8616e+00  1.0789e+01  0.0000e+00  0.0000e+00  0.0000e+00  0.0000e+00  0.0000e+00  0.0000e+00       0.0       0.0      0078
 -118.9812   37.7442 -2.6654e+00  4.3349e+00  1.2100e+00  0.0000e+00  0.0000e+00  0.0000e+00  0.0000e+00  0.0000e+00  0.0000e+00       0.0       0.0      0079
 -115.7880   33.3898  1.3001e+01 -2.4142e+01  1.9724e+01  0.0000e+00  0.0000e+00  0.0000e+00  0.0000e+00  0.0000e+00  0.0000e+00       0.0       0.0      0080
 -121.9156   37.8786 -1.9609e+00  1.5729e+00  4.1232e-01  0.0000e+00  0.0000e+00  0.0000e+00  0.0000e+00  0.0000e+00  0.0000e+00       0.0       0.0      0081
 -118.3485   34.0239 -1.6221e+01 -6.4577e+00  8.2188e+00  0.0000e+00  0.0000e+00  0.0000e+00  0.0000e+00  0.0000e+00  0.0000e+00       0.0       0.0      0082
 -117.2495   33.0365 -8.5986e+00 -1.8975e+01  1.1849e+01  0.0000e+00  0.0000e+00  0.0000e+00  0.0000e+00  0.0000e+00  0.0000e+00       0.0       0.0      0083
 -116.7121   33.7333 -8.8203e+00 -3.6263e+01  4.2645e+01  0.0000e+00  0.0000e+00  0.0000e+00  0.0000e+00  0.0000e+00  0.0000e+00       0.0       0.0      0084
 -117.8601   34.4134 -3.1074e+01 -4.8415e+00  2.2589e+01  0.0000e+00  0.0000e+00  0.0000e+00  0.0000e+00  0.0000e+00  0.0000e+00       0.0       0.0      0085
 -118.0393   37.7428 -2.1777e+00  5.6460e+00  1.5799e+00  0.0000e+00  0.0000e+00  0.0000e+00  0.0000e+00  0.0000e+00  0.0000e+00       0.0       0.0      0086
 -118.1260   33.9380 -1.8382e+01 -7.0423e+00  6.0295e+00  0.0000e+00  0.0000e+00  0.0000e+00  0.0000e+00  0.0000e+00  0.0000e+00       0.0       0.0      0087
 -118.3290   33.8868 -1.5453e+01 -6.1590e+00  7.8058e+00  0.0000e+00  0.0000e+00  0.0000e+00  0.0000e+00  0.0000e+00  0.0000e+00       0.0       0.0      0088
 -117.4117   33.6477 -2.1417e+01 -2.1545e+01  2.3086e+01  0.0000e+00  0.0000e+00  0.0000e+00  0.0000e+00  0.0000e+00  0.0000e+00       0.0       0.0      0089
 -114.2642   37.9155  2.2577e+00  4.4478e+00  1.1687e+00  0.0000e+00  0.0000e+00  0.0000e+00  0.0000e+00  0.0000e+00  0.0000e+00       0.0       0.0      0090
 -118.8304   34.9462 -1.4943e+01  3.1963e+00  7.0354e+00  0.0000e+00  0.0000e+00  0.0000e+00  0.0000e+00  0.0000e+00  0.0000e+00       0.0       0.0      0091
 -118.2084   34.0297 -1.7532e+01 -7.8814e+00  7.2525e+00  0.0000e+00  0.0000e+00  0.0000e+00  0.0000e+00  0.0000e+00  0.0000e+00       0.0       0.0      0092
 -117.5256   34.1042 -3.4125e+01 -1.5291e+01  3.1384e+01  0.0000e+00  0.0000e+00  0.0000e+00  0.0000e+00  0.0000e+00  0.0000e+00       0.0       0.0      0093
 -120.0094   34.7330 -8.1116e+00  6.7334e-01  2.5551e+00  0.0000e+00  0.0000e+00  0.0000e+00  0.0000e+00  0.0000e+00  0.0000e+00       0.0       0.0      0094
 -118.8941   34.4099 -1.4712e+01 -1.0836e+00  6.7620e+00  0.0000e+00  0.0000e+00  0.0000e+00  0.0000e+00  0.0000e+00  0.0000e+00       0.0       0.0      0095
 -118.8840   34.3563 -1.4660e+01 -1.4956e+00  6.7685e+00  0.0000e+00  0.0000e+00  0.0000e+00  0.0000e+00  0.0000e+00  0.0000e+00       0.0       0.0      0096
 -117.9357   33.6623 -1.9777e+01 -1.0142e+01  1.1881e+01  0.0000e+00  0.0000e+00  0.0000e+00  0.0000e+00  0.0000e+00  0.0000e+00       0.0       0.0      0097
 -118.3595   34.0806 -1.6817e+01 -6.4061e+00  8.6893e+00  0.0000e+00  0.0000e+00  0.0000e+00  0.0000e+00  0.0000e+00  0.0000e+00       0.0       0.0      0098
 -118.8934   34.8002 -1.4785e+01  1.9503e+00  6.7835e+00  0.0000e+00  0.0000e+00  0.0000e+00  0.0000e+00  0.0000e+00  0.0000e+00       0.0       0.0      0099
 -119.8637   35.1894 -8.1912e+00  2.0513e+00  2.6952e+00  0.0000e+00  0.0000e+00  0.0000e+00  0.0000e+00  0.0000e+00  0.0000e+00       0.0       0.0      0100
 -117.3979   34.2039 -3.6330e+01 -1.4468e+01  4.0771e+01  0.0000e+00  0.0000e+00  0.0000e+00  0.0000e+00  0.0000e+00  0.0000e+00       0.0       0.0      0101
 -115.5214   33.2748  1.2930e+01 -1.9186e+01  1.4234e+01  0.0000e+00  0.0000e+00  0.0000e+00  0.0000e+00  0.0000e+00  0.0000e+00       0.0       0.0      0102
 -114.8273   33.0511  1.0636e+01 -1.0813e+01  6.8268e+00  0.0000e+00  0.0000e+00  0.0000e+00  0.0000e+00  0.0000e+00  0.0000e+00       0.0       0.0      0103
 -115.6602   34.7840  3.4683e+01  1.4564e+01  4.5425e+01  0.0000e+00  0.0000e+00  0.0000e+00  0.0000e+00  0.0000e+00  0.0000e+00       0.0       0.0      0104
 -114.1894   34.3086  1.6158e+01 -1.3637e+00  7.6253e+00  0.0000e+00  0.0000e+00  0.0000e+00  0.0000e+00  0.0000e+00  0.0000e+00       0.0       0.0      0105
 -116.8892   35.4252 -1.1293e+01  3.1637e+01  3.1048e+01  0.0000e+00  0.0000e+00  0.0000e+00  0.0000e+00  0.0000e+00  0.0000e+00       0.0       0.0      0106
 -118.1129   34.0474 -2.0021e+01 -9.3484e+00  6.5697e+00  0.0000e+00  0.0000e+00  0.0000e+00  0.0000e+00  0.0000e+00  0.0000e+00       0.0       0.0      0107
 -120.6821   34.4694 -5.9919e+00  7.2687e-03  1.5805e+00  0.0000e+00  0.0000e+00  0.0000e+00  0.0000e+00  0.0000e+00  0.0000e+00       0.0       0.0      0108
 -118.2858   33.7836 -1.5599e+01 -6.3727e+00  8.0944e+00  0.0000e+00  0.0000e+00  0.0000e+00  0.0000e+00  0.0000e+00  0.0000e+00       0.0       0.0      0109
 -116.4301   34.7548  5.2484e+00  2.4896e+01  8.8551e+01  0.0000e+00  0.0000e+00  0.0000e+00  0.0000e+00  0.0000e+00  0.0000e+00       0.0       0.0      0110
 -117.7995   34.7599 -3.0340e+01  6.2232e+00  2.4875e+01  0.0000e+00  0.0000e+00  0.0000e+00  0.0000e+00  0.0000e+00  0.0000e+00       0.0       0.0      0111
 -115.6353   33.7050  2.1292e+01 -2.3289e+01  2.6645e+01  0.0000e+00  0.0000e+00  0.0000e+00  0.0000e+00  0.0000e+00  0.0000e+00       0.0       0.0      0112
 -120.4795   35.8667 -5.3299e+00  2.2851e+00  1.4909e+00  0.0000e+00  0.0000e+00  0.0000e+00  0.0000e+00  0.0000e+00  0.0000e+00       0.0       0.0      0113
 -117.8452   34.4582 -3.1391e+01 -3.3663e+00  2.3537e+01  0.0000e+00  0.0000e+00  0.0000e+00  0.0000e+00  0.0000e+00  0.0000e+00       0.0       0.0      0114
 -118.1682   33.9245 -1.7326e+01 -6.7068e+00  6.5544e+00  0.0000e+00  0.0000e+00  0.0000e+00  0.0000e+00  0.0000e+00  0.0000e+00       0.0       0.0      0115
 -118.8212   37.6586 -2.7780e+00  4.6902e+00  1.3454e+00  0.0000e+00  0.0000e+00  0.0000e+00  0.0000e+00  0.0000e+00  0.0000e+00       0.0       0.0      0116
 -120.4024   35.8808 -5.4540e+00  2.4047e+00  1.5556e+00  0.0000e+00  0.0000e+00  0.0000e+00  0.0000e+00  0.0000e+00  0.0000e+00       0.0       0.0      0117
 -119.1875   34.4412 -1.2482e+01 -5.0454e-01  5.1298e+00  0.0000e+00  0.0000e+00  0.0000e+00  0.0000e+00  0.0000e+00  0.0000e+00       0.0       0.0      0118
 -115.9114   34.7273  3.3891e+01  1.6167e+01  6.3384e+01  0.0000e+00  0.0000e+00  0.0000e+00  0.0000e+00  0.0000e+00  0.0000e+00       0.0       0.0      0119
 -115.0318   32.7062  7.7036e+00 -1.1049e+01  5.6144e+00  0.0000e+00  0.0000e+00  0.0000e+00  0.0000e+00  0.0000e+00  0.0000e+00       0.0       0.0      0120
 -115.1451   34.1576  2.8084e+01 -8.2509e+00  2.2547e+01  0.0000e+00  0.0000e+00  0.0000e+00  0.0000e+00  0.0000e+00  0.0000e+00       0.0       0.0      0121
 -118.4743   35.6623 -1.2454e+01  8.7915e+00  6.9336e+00  0.0000e+00  0.0000e+00  0.0000e+00  0.0000e+00  0.0000e+00  0.0000e+00       0.0       0.0      0122
 -115.5068   32.8294  7.6166e+00 -1.5130e+01  8.2283e+00  0.0000e+00  0.0000e+00  0.0000e+00  0.0000e+00  0.0000e+00  0.0000e+00       0.0       0.0      0123
 -119.0847   37.7717 -2.6384e+00  4.1593e+00  1.1508e+00  0.0000e+00  0.0000e+00  0.0000e+00  0.0000e+00  0.0000e+00  0.0000e+00       0.0       0.0      0124
 -116.0990   36.4588  2.4098e+00  1.5284e+01  7.0553e+00  0.0000e+00  0.0000e+00  0.0000e+00  0.0000e+00  0.0000e+00  0.0000e+00       0.0       0.0      0125
 -118.1732   34.2048 -2.1467e+01 -8.3234e+00  1.1045e+01  0.0000e+00  0.0000e+00  0.0000e+00  0.0000e+00  0.0000e+00  0.0000e+00       0.0       0.0      0126
 -119.0082   34.3985 -1.3751e+01 -9.7026e-01  6.0469e+00  0.0000e+00  0.0000e+00  0.0000e+00  0.0000e+00  0.0000e+00  0.0000e+00       0.0       0.0      0127
 -118.9792   37.6591 -2.8144e+00  4.4563e+00  1.2774e+00  0.0000e+00  0.0000e+00  0.0000e+00  0.0000e+00  0.0000e+00  0.0000e+00       0.0       0.0      0128
 -118.8805   37.7133 -2.6954e+00  4.5196e+00  1.2741e+00  0.0000e+00  0.0000e+00  0.0000e+00  0.0000e+00  0.0000e+00  0.0000e+00       0.0       0.0      0129
 -116.1734   33.9254  1.6328e+01 -3.4680e+01  5.4566e+01  0.0000e+00  0.0000e+00  0.0000e+00  0.0000e+00  0.0000e+00  0.0000e+00       0.0       0.0      0130
 -120.4733   35.8998 -5.2887e+00  2.3256e+00  1.4820e+00  0.0000e+00  0.0000e+00  0.0000e+00  0.0000e+00  0.0000e+00  0.0000e+00       0.0       0.0      0131
 -118.5746   34.1819 -1.6362e+01 -4.0818e+00  8.4756e+00  0.0000e+00  0.0000e+00  0.0000e+00  0.0000e+00  0.0000e+00  0.0000e+00       0.0       0.0      0132
 -118.3065   33.9279 -1.5731e+01 -6.3333e+00  7.6935e+00  0.0000e+00  0.0000e+00  0.0000e+00  0.0000e+00  0.0000e+00  0.0000e+00       0.0       0.0      0133
 -118.1372   33.8321 -1.7759e+01 -6.3340e+00  7.6832e+00  0.0000e+00  0.0000e+00  0.0000e+00  0.0000e+00  0.0000e+00  0.0000e+00       0.0       0.0      0134
 -118.1732   33.7916 -1.7000e+01 -6.4678e+00  8.2004e+00  0.0000e+00  0.0000e+00  0.0000e+00  0.0000e+00  0.0000e+00  0.0000e+00       0.0       0.0      0135
 -118.2033   33.7878 -1.6540e+01 -6.4466e+00  8.1861e+00  0.0000e+00  0.0000e+00  0.0000e+00  0.0000e+00  0.0000e+00  0.0000e+00       0.0       0.0      0136
 -116.4328   34.2673  5.2774e+00 -2.3356e+01  9.0211e+01  0.0000e+00  0.0000e+00  0.0000e+00  0.0000e+00  0.0000e+00  0.0000e+00       0.0       0.0      0137
 -116.2091   34.6994  2.2122e+01  1.8674e+01  8.4314e+01  0.0000e+00  0.0000e+00  0.0000e+00  0.0000e+00  0.0000e+00  0.0000e+00       0.0       0.0      0138
 -118.3218   34.1346 -1.7891e+01 -6.7296e+00  9.2817e+00  0.0000e+00  0.0000e+00  0.0000e+00  0.0000e+00  0.0000e+00  0.0000e+00       0.0       0.0      0139
 -118.4128   34.0951 -1.6655e+01 -5.8453e+00  8.7596e+00  0.0000e+00  0.0000e+00  0.0000e+00  0.0000e+00  0.0000e+00  0.0000e+00       0.0       0.0      0140
 -119.0173   37.6372 -2.8608e+00  4.4309e+00  1.2789e+00  0.0000e+00  0.0000e+00  0.0000e+00  0.0000e+00  0.0000e+00  0.0000e+00       0.0       0.0      0141
 -118.1392   34.6620 -2.4922e+01  1.6678e+00  1.6159e+01  0.0000e+00  0.0000e+00  0.0000e+00  0.0000e+00  0.0000e+00  0.0000e+00       0.0       0.0      0142
 -116.3082   36.7459  7.7647e-01  1.2730e+01  5.1314e+00  0.0000e+00  0.0000e+00  0.0000e+00  0.0000e+00  0.0000e+00  0.0000e+00       0.0       0.0      0143
 -118.8677   34.8075 -1.5004e+01  2.0508e+00  6.9553e+00  0.0000e+00  0.0000e+00  0.0000e+00  0.0000e+00  0.0000e+00  0.0000e+00       0.0       0.0      0144
 -117.8350   34.4855 -3.1573e+01 -2.4543e+00  2.4085e+01  0.0000e+00  0.0000e+00  0.0000e+00  0.0000e+00  0.0000e+00  0.0000e+00       0.0       0.0      0145
 -117.8379   34.5860 -3.1150e+01  7.8138e-01  2.4286e+01  0.0000e+00  0.0000e+00  0.0000e+00  0.0000e+00  0.0000e+00  0.0000e+00       0.0       0.0      0146
 -119.0579   36.3600 -6.5944e+00  5.8718e+00  2.8649e+00  0.0000e+00  0.0000e+00  0.0000e+00  0.0000e+00  0.0000e+00  0.0000e+00       0.0       0.0      0147
 -116.9397   35.0902 -2.0399e+01  3.2278e+01  4.9795e+01  0.0000e+00  0.0000e+00  0.0000e+00  0.0000e+00  0.0000e+00  0.0000e+00       0.0       0.0      0148
 -118.0034   34.1119 -2.5321e+01 -1.1452e+01  9.5637e+00  0.0000e+00  0.0000e+00  0.0000e+00  0.0000e+00  0.0000e+00  0.0000e+00       0.0       0.0      0149
 -117.7541   34.1333 -3.2718e+01 -1.2480e+01  2.0804e+01  0.0000e+00  0.0000e+00  0.0000e+00  0.0000e+00  0.0000e+00  0.0000e+00       0.0       0.0      0150
 -120.5943   35.8287 -5.1736e+00  2.1021e+00  1.4065e+00  0.0000e+00  0.0000e+00  0.0000e+00  0.0000e+00  0.0000e+00  0.0000e+00       0.0       0.0      0151
 -117.9567   34.0268 -2.6338e+01 -1.0723e+01  7.8886e+00  0.0000e+00  0.0000e+00  0.0000e+00  0.0000e+00  0.0000e+00  0.0000e+00       0.0       0.0      0152
 -121.8652   37.2869 -2.3785e+00  1.5837e+00  5.0148e-01  0.0000e+00  0.0000e+00  0.0000e+00  0.0000e+00  0.0000e+00  0.0000e+00       0.0       0.0      0153
 -119.1037   34.7336 -1.3131e+01  1.2315e+00  5.5560e+00  0.0000e+00  0.0000e+00  0.0000e+00  0.0000e+00  0.0000e+00  0.0000e+00       0.0       0.0      0154
 -115.1913   36.1595  8.2967e+00  1.3211e+01  7.1469e+00  0.0000e+00  0.0000e+00  0.0000e+00  0.0000e+00  0.0000e+00  0.0000e+00       0.0       0.0      0155
 -120.4431   35.8326 -5.4543e+00  2.2992e+00  1.5392e+00  0.0000e+00  0.0000e+00  0.0000e+00  0.0000e+00  0.0000e+00  0.0000e+00       0.0       0.0      0156
 -117.4367   33.8568 -2.7670e+01 -2.0410e+01  2.8306e+01  0.0000e+00  0.0000e+00  0.0000e+00  0.0000e+00  0.0000e+00  0.0000e+00       0.0       0.0      0157
 -115.9790   36.6325  2.5055e+00  1.3238e+01  5.6113e+00  0.0000e+00  0.0000e+00  0.0000e+00  0.0000e+00  0.0000e+00  0.0000e+00       0.0       0.0      0158
 -121.6426   37.3415 -2.4441e+00  1.7256e+00  5.3775e-01  0.0000e+00  0.0000e+00  0.0000e+00  0.0000e+00  0.0000e+00  0.0000e+00       0.0       0.0      0159
 -118.2441   33.9391 -1.6275e+01 -6.6218e+00  7.2429e+00  0.0000e+00  0.0000e+00  0.0000e+00  0.0000e+00  0.0000e+00  0.0000e+00       0.0       0.0      0160
 -120.4588   35.9219 -5.2796e+00  2.3661e+00  1.4851e+00  0.0000e+00  0.0000e+00  0.0000e+00  0.0000e+00  0.0000e+00  0.0000e+00       0.0       0.0      0161
 -120.3514   34.0383 -6.6956e+00 -9.0645e-01  1.9138e+00  0.0000e+00  0.0000e+00  0.0000e+00  0.0000e+00  0.0000e+00  0.0000e+00       0.0       0.0      0162
 -119.0609   37.6538 -2.8371e+00  4.3449e+00  1.2472e+00  0.0000e+00  0.0000e+00  0.0000e+00  0.0000e+00  0.0000e+00  0.0000e+00       0.0       0.0      0163
 -117.5505   33.7145 -2.3766e+01 -1.8194e+01  2.1203e+01  0.0000e+00  0.0000e+00  0.0000e+00  0.0000e+00  0.0000e+00  0.0000e+00       0.0       0.0      0164
 -117.3180   33.9184 -2.8757e+01 -2.2834e+01  3.4931e+01  0.0000e+00  0.0000e+00  0.0000e+00  0.0000e+00  0.0000e+00  0.0000e+00       0.0       0.0      0165
 -120.4341   35.9695 -5.2457e+00  2.4435e+00  1.4853e+00  0.0000e+00  0.0000e+00  0.0000e+00  0.0000e+00  0.0000e+00  0.0000e+00       0.0       0.0      0166
 -121.8669   37.4853 -2.2384e+00  1.5970e+00  4.7281e-01  0.0000e+00  0.0000e+00  0.0000e+00  0.0000e+00  0.0000e+00  0.0000e+00       0.0       0.0      0167
 -116.4223   32.8919  7.4839e-01 -2.0658e+01  1.1643e+01  0.0000e+00  0.0000e+00  0.0000e+00  0.0000e+00  0.0000e+00  0.0000e+00       0.0       0.0      0168
 -118.8780   34.2955 -1.4518e+01 -1.9361e+00  6.7233e+00  0.0000e+00  0.0000e+00  0.0000e+00  0.0000e+00  0.0000e+00  0.0000e+00       0.0       0.0      0169
 -117.8817   34.1752 -3.0086e+01 -1.1570e+01  1.6240e+01  0.0000e+00  0.0000e+00  0.0000e+00  0.0000e+00  0.0000e+00  0.0000e+00       0.0       0.0      0170
 -117.2101   34.2308 -3.6262e+01 -1.6493e+01  5.3075e+01  0.0000e+00  0.0000e+00  0.0000e+00  0.0000e+00  0.0000e+00  0.0000e+00       0.0       0.0      0171
 -118.2455   34.0552 -1.7416e+01 -7.6668e+00  7.9421e+00  0.0000e+00  0.0000e+00  0.0000e+00  0.0000e+00  0.0000e+00  0.0000e+00       0.0       0.0      0172
 -119.3093   37.1699 -3.8241e+00  4.5064e+00  1.5268e+00  0.0000e+00  0.0000e+00  0.0000e+00  0.0000e+00  0.0000e+00  0.0000e+00       0.0       0.0      0173
 -119.0960   34.2616 -1.2801e+01 -1.6287e+00  5.4513e+00  0.0000e+00  0.0000e+00  0.0000e+00  0.0000e+00  0.0000e+00  0.0000e+00       0.0       0.0      0174
 -116.5253   33.2109 -6.1650e-01 -2.6727e+01  1.8768e+01  0.0000e+00  0.0000e+00  0.0000e+00  0.0000e+00  0.0000e+00  0.0000e+00       0.0       0.0      0175
 -118.9447   37.6405 -2.8417e+00  4.5338e+00  1.3075e+00  0.0000e+00  0.0000e+00  0.0000e+00  0.0000e+00  0.0000e+00  0.0000e+00       0.0       0.0      0176
 -116.1482   34.5086  2.7539e+01  9.1439e-01  8.6111e+01  0.0000e+00  0.0000e+00  0.0000e+00  0.0000e+00  0.0000e+00  0.0000e+00       0.0       0.0      0177
 -114.6186   34.7677  2.0914e+01  3.9001e+00  1.2200e+01  0.0000e+00  0.0000e+00  0.0000e+00  0.0000e+00  0.0000e+00  0.0000e+00       0.0       0.0      0178
 -119.1413   34.4987 -1.2868e+01 -2.0856e-01  5.3768e+00  0.0000e+00  0.0000e+00  0.0000e+00  0.0000e+00  0.0000e+00  0.0000e+00       0.0       0.0      0179
 -117.5696   33.9197 -2.9823e+01 -1.6751e+01  2.4837e+01  0.0000e+00  0.0000e+00  0.0000e+00  0.0000e+00  0.0000e+00  0.0000e+00       0.0       0.0      0180
 -118.3480   33.9797 -1.5826e+01 -6.3315e+00  7.9827e+00  0.0000e+00  0.0000e+00  0.0000e+00  0.0000e+00  0.0000e+00  0.0000e+00       0.0       0.0      0181
 -116.9727   32.5793 -3.3081e+00 -1.5302e+01  7.2502e+00  0.0000e+00  0.0000e+00  0.0000e+00  0.0000e+00  0.0000e+00  0.0000e+00       0.0       0.0      0182
 -116.0677   34.1410  2.6213e+01 -2.6189e+01  6.6139e+01  0.0000e+00  0.0000e+00  0.0000e+00  0.0000e+00  0.0000e+00  0.0000e+00       0.0       0.0      0183
 -118.6014   34.3299 -1.7155e+01 -2.6755e+00  8.8382e+00  0.0000e+00  0.0000e+00  0.0000e+00  0.0000e+00  0.0000e+00  0.0000e+00       0.0       0.0      0184
 -117.7441   33.7659 -2.4714e+01 -1.3155e+01  1.6411e+01  0.0000e+00  0.0000e+00  0.0000e+00  0.0000e+00  0.0000e+00  0.0000e+00       0.0       0.0      0185
 -117.0418   33.1306 -7.7882e+00 -2.2255e+01  1.4786e+01  0.0000e+00  0.0000e+00  0.0000e+00  0.0000e+00  0.0000e+00  0.0000e+00       0.0       0.0      0186
 -115.9181   34.3699  3.5624e+01 -9.4315e+00  6.6911e+01  0.0000e+00  0.0000e+00  0.0000e+00  0.0000e+00  0.0000e+00  0.0000e+00       0.0       0.0      0187
 -116.3055   34.4277  1.6586e+01 -7.5809e+00  9.4447e+01  0.0000e+00  0.0000e+00  0.0000e+00  0.0000e+00  0.0000e+00  0.0000e+00       0.0       0.0      0188
 -116.0834   34.3671  3.0111e+01 -1.1524e+01  7.9147e+01  0.0000e+00  0.0000e+00  0.0000e+00  0.0000e+00  0.0000e+00  0.0000e+00       0.0       0.0      0189
 -116.1495   34.4301  2.7290e+01 -6.5295e+00  8.5499e+01  0.0000e+00  0.0000e+00  0.0000e+00  0.0000e+00  0.0000e+00  0.0000e+00       0.0       0.0      0190
 -116.2923   34.5330  1.7698e+01  3.4509e+00  9.4542e+01  0.0000e+00  0.0000e+00  0.0000e+00  0.0000e+00  0.0000e+00  0.0000e+00       0.0       0.0      0191
 -120.2786   34.7391 -7.1420e+00  5.8811e-01  2.0893e+00  0.0000e+00  0.0000e+00  0.0000e+00  0.0000e+00  0.0000e+00  0.0000e+00       0.0       0.0      0192
 -116.8151   34.6749 -2.4838e+01  1.5956e+01  8.4120e+01  0.0000e+00  0.0000e+00  0.0000e+00  0.0000e+00  0.0000e+00  0.0000e+00       0.0       0.0      0193
 -119.1419   34.3274 -1.2628e+01 -1.1881e+00  5.2830e+00  0.0000e+00  0.0000e+00  0.0000e+00  0.0000e+00  0.0000e+00  0.0000e+00       0.0       0.0      0194
 -118.2073   34.1288 -1.9300e+01 -8.4257e+00  9.0939e+00  0.0000e+00  0.0000e+00  0.0000e+00  0.0000e+00  0.0000e+00  0.0000e+00       0.0       0.0      0195
 -119.3534   34.6834 -1.1425e+01  7.9005e-01  4.4210e+00  0.0000e+00  0.0000e+00  0.0000e+00  0.0000e+00  0.0000e+00  0.0000e+00       0.0       0.0      0196
 -114.0050   32.7225  7.1001e+00 -5.8689e+00  3.0441e+00  0.0000e+00  0.0000e+00  0.0000e+00  0.0000e+00  0.0000e+00  0.0000e+00       0.0       0.0      0197
 -119.0629   36.0274 -8.1042e+00  5.8828e+00  3.5034e+00  0.0000e+00  0.0000e+00  0.0000e+00  0.0000e+00  0.0000e+00  0.0000e+00       0.0       0.0      0198
 -116.1698   32.6165  2.3730e+00 -1.6251e+01  7.8250e+00  0.0000e+00  0.0000e+00  0.0000e+00  0.0000e+00  0.0000e+00  0.0000e+00       0.0       0.0      0199
 -121.0030   35.5517 -4.7629e+00  1.4153e+00  1.1755e+00  0.0000e+00  0.0000e+00  0.0000e+00  0.0000e+00  0.0000e+00  0.0000e+00       0.0       0.0      0200
 -121.7925   36.4855 -3.0176e+00  1.4510e+00  6.3953e-01  0.0000e+00  0.0000e+00  0.0000e+00  0.0000e+00  0.0000e+00  0.0000e+00       0.0       0.0      0201
 -121.7318   36.8161 -2.8081e+00  1.5895e+00  6.0402e-01  0.0000e+00  0.0000e+00  0.0000e+00  0.0000e+00  0.0000e+00  0.0000e+00       0.0       0.0      0202
 -121.9908   37.2017 -2.3764e+00  1.5017e+00  4.8921e-01  0.0000e+00  0.0000e+00  0.0000e+00  0.0000e+00  0.0000e+00  0.0000e+00       0.0       0.0      0203
 -121.6506   37.1045 -2.6284e+00  1.6973e+00  5.7593e-01  0.0000e+00  0.0000e+00  0.0000e+00  0.0000e+00  0.0000e+00  0.0000e+00       0.0       0.0      0204
 -121.7140   37.2035 -2.5159e+00  1.6679e+00  5.4521e-01  0.0000e+00  0.0000e+00  0.0000e+00  0.0000e+00  0.0000e+00  0.0000e+00       0.0       0.0      0205
 -121.6869   37.6018 -2.2278e+00  1.7052e+00  4.8740e-01  0.0000e+00  0.0000e+00  0.0000e+00  0.0000e+00  0.0000e+00  0.0000e+00       0.0       0.0      0206
 -121.9780   37.7494 -2.0222e+00  1.5426e+00  4.1978e-01  0.0000e+00  0.0000e+00  0.0000e+00  0.0000e+00  0.0000e+00  0.0000e+00       0.0       0.0      0207
 -121.7864   37.8190 -2.0404e+00  1.6437e+00  4.3912e-01  0.0000e+00  0.0000e+00  0.0000e+00  0.0000e+00  0.0000e+00  0.0000e+00       0.0       0.0      0208
 -121.5545   36.9035 -2.8546e+00  1.7302e+00  6.3597e-01  0.0000e+00  0.0000e+00  0.0000e+00  0.0000e+00  0.0000e+00  0.0000e+00       0.0       0.0      0209
 -121.5420   37.0078 -2.7729e+00  1.7579e+00  6.1997e-01  0.0000e+00  0.0000e+00  0.0000e+00  0.0000e+00  0.0000e+00  0.0000e+00       0.0       0.0      0210
 -121.4632   36.9539 -2.8703e+00  1.8063e+00  6.5148e-01  0.0000e+00  0.0000e+00  0.0000e+00  0.0000e+00  0.0000e+00  0.0000e+00       0.0       0.0      0211
 -121.3545   37.0108 -2.8881e+00  1.8982e+00  6.7048e-01  0.0000e+00  0.0000e+00  0.0000e+00  0.0000e+00  0.0000e+00  0.0000e+00       0.0       0.0      0212
 -121.0644   36.6116 -3.5275e+00  2.0620e+00  8.6702e-01  0.0000e+00  0.0000e+00  0.0000e+00  0.0000e+00  0.0000e+00  0.0000e+00       0.0       0.0      0213
 -121.0577   37.1696 -2.9107e+00  2.1585e+00  7.2051e-01  0.0000e+00  0.0000e+00  0.0000e+00  0.0000e+00  0.0000e+00  0.0000e+00       0.0       0.0      0214
 -121.6048   37.9320 -2.0190e+00  1.7389e+00  4.5042e-01  0.0000e+00  0.0000e+00  0.0000e+00  0.0000e+00  0.0000e+00  0.0000e+00       0.0       0.0      0215
 -121.4640   37.7553 -2.1936e+00  1.8374e+00  5.0212e-01  0.0000e+00  0.0000e+00  0.0000e+00  0.0000e+00  0.0000e+00  0.0000e+00       0.0       0.0      0216
 -121.1006   37.4330 -2.6188e+00  2.1182e+00  6.4406e-01  0.0000e+00  0.0000e+00  0.0000e+00  0.0000e+00  0.0000e+00  0.0000e+00       0.0       0.0      0217
 -121.0608   35.7112 -4.5181e+00  1.5240e+00  1.1024e+00  0.0000e+00  0.0000e+00  0.0000e+00  0.0000e+00  0.0000e+00  0.0000e+00       0.0       0.0      0218
 -120.3895   35.8411 -5.5462e+00  2.3821e+00  1.5867e+00  0.0000e+00  0.0000e+00  0.0000e+00  0.0000e+00  0.0000e+00  0.0000e+00       0.0       0.0      0219
 -120.3452   35.8378 -5.6412e+00  2.4422e+00  1.6322e+00  0.0000e+00  0.0000e+00  0.0000e+00  0.0000e+00  0.0000e+00  0.0000e+00       0.0       0.0      0220
 -120.2853   35.8067 -5.8215e+00  2.4968e+00  1.7104e+00  0.0000e+00  0.0000e+00  0.0000e+00  0.0000e+00  0.0000e+00  0.0000e+00       0.0       0.0      0221
 -120.9068   35.9333 -4.5180e+00  1.8533e+00  1.1428e+00  0.0000e+00  0.0000e+00  0.0000e+00  0.0000e+00  0.0000e+00  0.0000e+00       0.0       0.0      0222
 -120.6978   36.0248 -4.7204e+00  2.1509e+00  1.2539e+00  0.0000e+00  0.0000e+00  0.0000e+00  0.0000e+00  0.0000e+00  0.0000e+00       0.0       0.0      0223
 -120.8424   35.6971 -4.8954e+00  1.7033e+00  1.2541e+00  0.0000e+00  0.0000e+00  0.0000e+00  0.0000e+00  0.0000e+00  0.0000e+00       0.0       0.0      0224
 -120.5519   35.9741 -5.0323e+00  2.2892e+00  1.3839e+00  0.0000e+00  0.0000e+00  0.0000e+00  0.0000e+00  0.0000e+00  0.0000e+00       0.0       0.0      0225
 -120.2770   36.3044 -4.8960e+00  2.9120e+00  1.4474e+00  0.0000e+00  0.0000e+00  0.0000e+00  0.0000e+00  0.0000e+00  0.0000e+00       0.0       0.0      0226
 -120.7431   36.8063 -3.5682e+00  2.4395e+00  9.4458e-01  0.0000e+00  0.0000e+00  0.0000e+00  0.0000e+00  0.0000e+00  0.0000e+00       0.0       0.0      0227
 -120.6186   36.6347 -3.9254e+00  2.5519e+00  1.0684e+00  0.0000e+00  0.0000e+00  0.0000e+00  0.0000e+00  0.0000e+00  0.0000e+00       0.0       0.0      0228
 -120.7053   37.0544 -3.2672e+00  2.4985e+00  8.7476e-01  0.0000e+00  0.0000e+00  0.0000e+00  0.0000e+00  0.0000e+00  0.0000e+00       0.0       0.0      0229
 -120.3566   36.7390 -4.0143e+00  2.9136e+00  1.1672e+00  0.0000e+00  0.0000e+00  0.0000e+00  0.0000e+00  0.0000e+00  0.0000e+00       0.0       0.0      0230
 -120.1968   37.3522 -3.1348e+00  3.0330e+00  9.5633e-01  0.0000e+00  0.0000e+00  0.0000e+00  0.0000e+00  0.0000e+00  0.0000e+00       0.0       0.0      0231
 -120.0579   36.9473 -3.8936e+00  3.3407e+00  1.2285e+00  0.0000e+00  0.0000e+00  0.0000e+00  0.0000e+00  0.0000e+00  0.0000e+00       0.0       0.0      0232
 -117.3939   34.4624 -3.8883e+01 -2.8817e+00  4.5555e+01  0.0000e+00  0.0000e+00  0.0000e+00  0.0000e+00  0.0000e+00  0.0000e+00       0.0       0.0      0233
 -117.5409   33.5621 -1.9622e+01 -1.8606e+01  1.8367e+01  0.0000e+00  0.0000e+00  0.0000e+00  0.0000e+00  0.0000e+00  0.0000e+00       0.0       0.0      0234
 -117.1047   32.8892 -6.0646e+00 -1.8344e+01  1.0378e+01  0.0000e+00  0.0000e+00  0.0000e+00  0.0000e+00  0.0000e+00  0.0000e+00       0.0       0.0      0235
 -116.9495   32.7338 -3.8587e+00 -1.7212e+01  8.8649e+00  0.0000e+00  0.0000e+00  0.0000e+00  0.0000e+00  0.0000e+00  0.0000e+00       0.0       0.0      0236
 -117.2487   33.3552 -1.3323e+01 -2.2749e+01  1.8146e+01  0.0000e+00  0.0000e+00  0.0000e+00  0.0000e+00  0.0000e+00  0.0000e+00       0.0       0.0      0237
 -117.1897   33.4396 -1.4351e+01 -2.4683e+01  2.1195e+01  0.0000e+00  0.0000e+00  0.0000e+00  0.0000e+00  0.0000e+00  0.0000e+00       0.0       0.0      0238
 -117.1134   33.5028 -1.4655e+01 -2.6782e+01  2.4383e+01  0.0000e+00  0.0000e+00  0.0000e+00  0.0000e+00  0.0000e+00  0.0000e+00       0.0       0.0      0239
 -117.0716   33.2357 -9.4403e+00 -2.3564e+01  1.6956e+01  0.0000e+00  0.0000e+00  0.0000e+00  0.0000e+00  0.0000e+00  0.0000e+00       0.0       0.0      0240
 -116.7829   33.4933 -7.8288e+00 -3.1472e+01  2.8268e+01  0.0000e+00  0.0000e+00  0.0000e+00  0.0000e+00  0.0000e+00  0.0000e+00       0.0       0.0      0241
 -116.3485   32.9760  1.7509e+00 -2.1985e+01  1.3069e+01  0.0000e+00  0.0000e+00  0.0000e+00  0.0000e+00  0.0000e+00  0.0000e+00       0.0       0.0      0242
 -116.6714   33.2402 -3.3261e+00 -2.6977e+01  1.9392e+01  0.0000e+00  0.0000e+00  0.0000e+00  0.0000e+00  0.0000e+00  0.0000e+00       0.0       0.0      0243
 -116.5693   33.0592 -1.1118e+00 -2.3619e+01  1.4853e+01  0.0000e+00  0.0000e+00  0.0000e+00  0.0000e+00  0.0000e+00  0.0000e+00       0.0       0.0      0244
 -116.6208   33.3756 -2.9752e+00 -3.0116e+01  2.4227e+01  0.0000e+00  0.0000e+00  0.0000e+00  0.0000e+00  0.0000e+00  0.0000e+00       0.0       0.0      0245
 -116.3223   33.2602  3.1835e+00 -2.7433e+01  2.0023e+01  0.0000e+00  0.0000e+00  0.0000e+00  0.0000e+00  0.0000e+00  0.0000e+00       0.0       0.0      0246
 -116.2268   33.5747  8.0844e+00 -3.3184e+01  3.2426e+01  0.0000e+00  0.0000e+00  0.0000e+00  0.0000e+00  0.0000e+00  0.0000e+00       0.0       0.0      0247
 -115.7321   32.7597  5.9616e+00 -1.5995e+01  8.3409e+00  0.0000e+00  0.0000e+00  0.0000e+00  0.0000e+00  0.0000e+00  0.0000e+00       0.0       0.0      0248
 -115.6284   33.0450  9.2166e+00 -1.8231e+01  1.1376e+01  0.0000e+00  0.0000e+00  0.0000e+00  0.0000e+00  0.0000e+00  0.0000e+00       0.0       0.0      0249
 -115.5959   32.7506  6.5811e+00 -1.5044e+01  7.8095e+00  0.0000e+00  0.0000e+00  0.0000e+00  0.0000e+00  0.0000e+00  0.0000e+00       0.0       0.0      0250
 -115.5770   32.8347  7.3600e+00 -1.5696e+01  8.5601e+00  0.0000e+00  0.0000e+00  0.0000e+00  0.0000e+00  0.0000e+00  0.0000e+00       0.0       0.0      0251
 -115.5696   32.8984  7.9782e+00 -1.6241e+01  9.2099e+00  0.0000e+00  0.0000e+00  0.0000e+00  0.0000e+00  0.0000e+00  0.0000e+00       0.0       0.0      0252
 -115.4879   32.9796  9.1679e+00 -1.6281e+01  9.7314e+00  0.0000e+00  0.0000e+00  0.0000e+00  0.0000e+00  0.0000e+00  0.0000e+00       0.0       0.0      0253
 -115.2999   32.6900  7.1300e+00 -1.2655e+01  6.3603e+00  0.0000e+00  0.0000e+00  0.0000e+00  0.0000e+00  0.0000e+00  0.0000e+00       0.0       0.0      0254
 -115.3979   32.8758  8.4351e+00 -1.4668e+01  8.2112e+00  0.0000e+00  0.0000e+00  0.0000e+00  0.0000e+00  0.0000e+00  0.0000e+00       0.0       0.0      0255
 -115.4219   32.9825  9.4442e+00 -1.5703e+01  9.4084e+00  0.0000e+00  0.0000e+00  0.0000e+00  0.0000e+00  0.0000e+00  0.0000e+00       0.0       0.0      0256
 -115.7658   33.5164  1.5731e+01 -2.5107e+01  2.3161e+01  0.0000e+00  0.0000e+00  0.0000e+00  0.0000e+00  0.0000e+00  0.0000e+00       0.0       0.0      0257
 -115.5102   33.0814  1.0255e+01 -1.7394e+01  1.1142e+01  0.0000e+00  0.0000e+00  0.0000e+00  0.0000e+00  0.0000e+00  0.0000e+00       0.0       0.0      0258
 -115.6124   33.2000  1.1320e+01 -1.9665e+01  1.3737e+01  0.0000e+00  0.0000e+00  0.0000e+00  0.0000e+00  0.0000e+00  0.0000e+00       0.0       0.0      0259
 -115.4287   33.2478  1.2852e+01 -1.7780e+01  1.2917e+01  0.0000e+00  0.0000e+00  0.0000e+00  0.0000e+00  0.0000e+00  0.0000e+00       0.0       0.0      0260
 -115.2939   32.8907  8.8619e+00 -1.3938e+01  7.8811e+00  0.0000e+00  0.0000e+00  0.0000e+00  0.0000e+00  0.0000e+00  0.0000e+00       0.0       0.0      0261
 -115.3433   33.1436  1.1605e+01 -1.6079e+01  1.0789e+01  0.0000e+00  0.0000e+00  0.0000e+00  0.0000e+00  0.0000e+00  0.0000e+00       0.0       0.0      0262
 -115.2961   33.8869  2.5112e+01 -1.5105e+01  2.2609e+01  0.0000e+00  0.0000e+00  0.0000e+00  0.0000e+00  0.0000e+00  0.0000e+00       0.0       0.0      0263
 -120.8697   35.6360 -4.9139e+00  1.6152e+00  1.2504e+00  0.0000e+00  0.0000e+00  0.0000e+00  0.0000e+00  0.0000e+00  0.0000e+00       0.0       0.0      0264
 -120.4804   35.6248 -5.6947e+00  2.0107e+00  1.5897e+00  0.0000e+00  0.0000e+00  0.0000e+00  0.0000e+00  0.0000e+00  0.0000e+00       0.0       0.0      0265
 -120.2670   35.6338 -6.1690e+00  2.3055e+00  1.8189e+00  0.0000e+00  0.0000e+00  0.0000e+00  0.0000e+00  0.0000e+00  0.0000e+00       0.0       0.0      0266
 -120.1820   35.7027 -6.2489e+00  2.5288e+00  1.8855e+00  0.0000e+00  0.0000e+00  0.0000e+00  0.0000e+00  0.0000e+00  0.0000e+00       0.0       0.0      0267
 -120.0007   35.6867 -6.7396e+00  2.8171e+00  2.1374e+00  0.0000e+00  0.0000e+00  0.0000e+00  0.0000e+00  0.0000e+00  0.0000e+00       0.0       0.0      0268
 -119.7380   35.7313 -7.3572e+00  3.4297e+00  2.5208e+00  0.0000e+00  0.0000e+00  0.0000e+00  0.0000e+00  0.0000e+00  0.0000e+00       0.0       0.0      0269
 -119.9094   35.9347 -6.3779e+00  3.3097e+00  2.0799e+00  0.0000e+00  0.0000e+00  0.0000e+00  0.0000e+00  0.0000e+00  0.0000e+00       0.0       0.0      0270
 -118.8790   34.8351 -1.4840e+01  2.2413e+00  6.8479e+00  0.0000e+00  0.0000e+00  0.0000e+00  0.0000e+00  0.0000e+00  0.0000e+00       0.0       0.0      0271
 -118.5455   34.7711 -1.8511e+01  2.3648e+00  9.8472e+00  0.0000e+00  0.0000e+00  0.0000e+00  0.0000e+00  0.0000e+00  0.0000e+00       0.0       0.0      0272
 -118.6556   34.9444 -1.6615e+01  3.7810e+00  8.4291e+00  0.0000e+00  0.0000e+00  0.0000e+00  0.0000e+00  0.0000e+00  0.0000e+00       0.0       0.0      0273
 -118.6176   34.8389 -1.7452e+01  2.9088e+00  8.9957e+00  0.0000e+00  0.0000e+00  0.0000e+00  0.0000e+00  0.0000e+00  0.0000e+00       0.0       0.0      0274
 -118.5409   34.8218 -1.8400e+01  2.9582e+00  9.8170e+00  0.0000e+00  0.0000e+00  0.0000e+00  0.0000e+00  0.0000e+00  0.0000e+00       0.0       0.0      0275
 -118.3991   34.6185 -2.0727e+01  5.1528e-01  1.1739e+01  0.0000e+00  0.0000e+00  0.0000e+00  0.0000e+00  0.0000e+00  0.0000e+00       0.0       0.0      0276
 -118.1887   34.9821 -2.1804e+01  6.9313e+00  1.3990e+01  0.0000e+00  0.0000e+00  0.0000e+00  0.0000e+00  0.0000e+00  0.0000e+00       0.0       0.0      0277
 -119.4212   35.4187 -9.4519e+00  3.5909e+00  3.5773e+00  0.0000e+00  0.0000e+00  0.0000e+00  0.0000e+00  0.0000e+00  0.0000e+00       0.0       0.0      0278
 -119.2366   35.7439 -8.9122e+00  4.9176e+00  3.6038e+00  0.0000e+00  0.0000e+00  0.0000e+00  0.0000e+00  0.0000e+00  0.0000e+00       0.0       0.0      0279
 -119.2293   36.3245 -6.4845e+00  5.3158e+00  2.6419e+00  0.0000e+00  0.0000e+00  0.0000e+00  0.0000e+00  0.0000e+00  0.0000e+00       0.0       0.0      0280
 -118.7536   35.4209 -1.2918e+01  6.2792e+00  6.3031e+00  0.0000e+00  0.0000e+00  0.0000e+00  0.0000e+00  0.0000e+00  0.0000e+00       0.0       0.0      0281
 -118.7667   36.2314 -7.6349e+00  7.1052e+00  3.7316e+00  0.0000e+00  0.0000e+00  0.0000e+00  0.0000e+00  0.0000e+00  0.0000e+00       0.0       0.0      0282
 -120.9700   35.6697 -4.7060e+00  1.5609e+00  1.1711e+00  0.0000e+00  0.0000e+00  0.0000e+00  0.0000e+00  0.0000e+00  0.0000e+00       0.0       0.0      0283
 -117.3189   34.3046 -3.8077e+01 -1.1326e+01  4.8145e+01  0.0000e+00  0.0000e+00  0.0000e+00  0.0000e+00  0.0000e+00  0.0000e+00       0.0       0.0      0284
 -117.7290   34.5097 -3.3707e+01 -1.3868e+00  2.8255e+01  0.0000e+00  0.0000e+00  0.0000e+00  0.0000e+00  0.0000e+00  0.0000e+00       0.0       0.0      0285
 -117.5434   34.9870 -2.9431e+01  1.5896e+01  3.0396e+01  0.0000e+00  0.0000e+00  0.0000e+00  0.0000e+00  0.0000e+00  0.0000e+00       0.0       0.0      0286
 -116.9516   33.8926 -2.0877e+01 -3.2399e+01  4.7917e+01  0.0000e+00  0.0000e+00  0.0000e+00  0.0000e+00  0.0000e+00  0.0000e+00       0.0       0.0      0287
 -117.2805   34.5348 -3.9237e+01  1.3155e+00  5.3279e+01  0.0000e+00  0.0000e+00  0.0000e+00  0.0000e+00  0.0000e+00  0.0000e+00       0.0       0.0      0288
 -117.2676   34.7854 -3.5397e+01  1.5086e+01  4.9438e+01  0.0000e+00  0.0000e+00  0.0000e+00  0.0000e+00  0.0000e+00  0.0000e+00       0.0       0.0      0289
 -117.1102   34.6207 -3.7060e+01  8.1441e+00  6.4883e+01  0.0000e+00  0.0000e+00  0.0000e+00  0.0000e+00  0.0000e+00  0.0000e+00       0.0       0.0      0290
 -118.0165   35.1524 -2.1643e+01  1.0798e+01  1.5496e+01  0.0000e+00  0.0000e+00  0.0000e+00  0.0000e+00  0.0000e+00  0.0000e+00       0.0       0.0      0291
 -117.3901   35.8967 -9.9847e+00  1.8761e+01  1.2216e+01  0.0000e+00  0.0000e+00  0.0000e+00  0.0000e+00  0.0000e+00  0.0000e+00       0.0       0.0      0292
 -117.4028   35.6976 -1.2973e+01  2.0561e+01  1.5629e+01  0.0000e+00  0.0000e+00  0.0000e+00  0.0000e+00  0.0000e+00  0.0000e+00       0.0       0.0      0293
 -116.2119   33.8658  1.3443e+01 -3.5801e+01  5.1014e+01  0.0000e+00  0.0000e+00  0.0000e+00  0.0000e+00  0.0000e+00  0.0000e+00       0.0       0.0      0294
 -116.8796   34.4621 -2.9882e+01 -3.9208e+00  8.3821e+01  0.0000e+00  0.0000e+00  0.0000e+00  0.0000e+00  0.0000e+00  0.0000e+00       0.0       0.0      0295
 -117.3155   34.1874 -3.5978e+01 -1.6435e+01  4.5038e+01  0.0000e+00  0.0000e+00  0.0000e+00  0.0000e+00  0.0000e+00  0.0000e+00       0.0       0.0      0296
 -116.1039   35.1419  1.6874e+01  3.3953e+01  4.7674e+01  0.0000e+00  0.0000e+00  0.0000e+00  0.0000e+00  0.0000e+00  0.0000e+00       0.0       0.0      0297
 -115.5439   35.4728  1.7125e+01  2.1655e+01  1.9970e+01  0.0000e+00  0.0000e+00  0.0000e+00  0.0000e+00  0.0000e+00  0.0000e+00       0.0       0.0      0298
 -115.3659   35.1630  2.4206e+01  1.7573e+01  2.3616e+01  0.0000e+00  0.0000e+00  0.0000e+00  0.0000e+00  0.0000e+00  0.0000e+00       0.0       0.0      0299
 -114.5994   34.1889  2.0443e+01 -3.7572e+00  1.1707e+01  0.0000e+00  0.0000e+00  0.0000e+00  0.0000e+00  0.0000e+00  0.0000e+00       0.0       0.0      0300
 -115.2383   35.2911  2.0849e+01  1.6262e+01  1.8317e+01  0.0000e+00  0.0000e+00  0.0000e+00  0.0000e+00  0.0000e+00  0.0000e+00       0.0       0.0      0301
 -117.9226   34.5082 -2.9633e+01 -1.8576e+00  2.1338e+01  0.0000e+00  0.0000e+00  0.0000e+00  0.0000e+00  0.0000e+00  0.0000e+00       0.0       0.0      0302
 -116.6864   36.9018 -8.0517e-01  1.1422e+01  4.3111e+00  0.0000e+00  0.0000e+00  0.0000e+00  0.0000e+00  0.0000e+00  0.0000e+00       0.0       0.0      0303
 -117.6945   34.9254 -2.9276e+01  1.1808e+01  2.6358e+01  0.0000e+00  0.0000e+00  0.0000e+00  0.0000e+00  0.0000e+00  0.0000e+00       0.0       0.0      0304
 -116.4582   33.6122  1.1700e+00 -3.5457e+01  3.6067e+01  0.0000e+00  0.0000e+00  0.0000e+00  0.0000e+00  0.0000e+00  0.0000e+00       0.0       0.0      0305
 -116.4576   33.6121  1.1901e+00 -3.5454e+01  3.6060e+01  0.0000e+00  0.0000e+00  0.0000e+00  0.0000e+00  0.0000e+00  0.0000e+00       0.0       0.0      0306
 -120.5416   35.9452 -5.0946e+00  2.2773e+00  1.4042e+00  0.0000e+00  0.0000e+00  0.0000e+00  0.0000e+00  0.0000e+00  0.0000e+00       0.0       0.0      0307
 -118.2329   34.0716 -1.7836e+01 -7.9308e+00  8.0884e+00  0.0000e+00  0.0000e+00  0.0000e+00  0.0000e+00  0.0000e+00  0.0000e+00       0.0       0.0      0308
 -117.2430   32.6654 -5.3165e+00 -1.4983e+01  7.4561e+00  0.0000e+00  0.0000e+00  0.0000e+00  0.0000e+00  0.0000e+00  0.0000e+00       0.0       0.0      0309
 -118.1537   33.9026 -1.7559e+01 -6.5137e+00  6.6609e+00  0.0000e+00  0.0000e+00  0.0000e+00  0.0000e+00  0.0000e+00  0.0000e+00       0.0       0.0      0310
 -116.8595   33.3572 -7.8044e+00 -2.8014e+01  2.2209e+01  0.0000e+00  0.0000e+00  0.0000e+00  0.0000e+00  0.0000e+00  0.0000e+00       0.0       0.0      0311
 -119.0569   37.8314 -2.5375e+00  4.1192e+00  1.1193e+00  0.0000e+00  0.0000e+00  0.0000e+00  0.0000e+00  0.0000e+00  0.0000e+00       0.0       0.0      0312
 -116.1198   36.5796  1.9648e+00  1.4056e+01  6.1130e+00  0.0000e+00  0.0000e+00  0.0000e+00  0.0000e+00  0.0000e+00  0.0000e+00       0.0       0.0      0313
 -120.4784   35.9199 -5.2470e+00  2.3377e+00  1.4687e+00  0.0000e+00  0.0000e+00  0.0000e+00  0.0000e+00  0.0000e+00  0.0000e+00       0.0       0.0      0314
 -117.1821   33.8357 -2.4567e+01 -2.7021e+01  3.6554e+01  0.0000e+00  0.0000e+00  0.0000e+00  0.0000e+00  0.0000e+00  0.0000e+00       0.0       0.0      0315
 -116.4940   33.8192  2.5697e-03 -3.8308e+01  5.0739e+01  0.0000e+00  0.0000e+00  0.0000e+00  0.0000e+00  0.0000e+00  0.0000e+00       0.0       0.0      0316
 -117.8071   34.0918 -3.1600e+01 -1.2527e+01  1.6906e+01  0.0000e+00  0.0000e+00  0.0000e+00  0.0000e+00  0.0000e+00  0.0000e+00       0.0       0.0      0317
 -118.4043   33.7433 -1.4621e+01 -6.3176e+00  7.8140e+00  0.0000e+00  0.0000e+00  0.0000e+00  0.0000e+00  0.0000e+00  0.0000e+00       0.0       0.0      0318
 -118.3722   33.7795 -1.4931e+01 -6.2454e+00  7.9179e+00  0.0000e+00  0.0000e+00  0.0000e+00  0.0000e+00  0.0000e+00  0.0000e+00       0.0       0.0      0319
 -118.3206   33.7739 -1.5286e+01 -6.3654e+00  8.0560e+00  0.0000e+00  0.0000e+00  0.0000e+00  0.0000e+00  0.0000e+00  0.0000e+00       0.0       0.0      0320
 -118.2448   34.6287 -2.3160e+01  7.8208e-01  1.4144e+01  0.0000e+00  0.0000e+00  0.0000e+00  0.0000e+00  0.0000e+00  0.0000e+00       0.0       0.0      0321
 -116.9172   33.0422 -5.5329e+00 -2.1849e+01  1.3617e+01  0.0000e+00  0.0000e+00  0.0000e+00  0.0000e+00  0.0000e+00  0.0000e+00       0.0       0.0      0322
 -117.6833   35.3387 -2.0526e+01  1.7220e+01  1.8848e+01  0.0000e+00  0.0000e+00  0.0000e+00  0.0000e+00  0.0000e+00  0.0000e+00       0.0       0.0      0323
 -119.7200   34.5000 -9.4059e+00 -1.0933e-02  3.2283e+00  0.0000e+00  0.0000e+00  0.0000e+00  0.0000e+00  0.0000e+00  0.0000e+00       0.0       0.0      0324
 -116.6247   34.6439 -1.1261e+01  1.4812e+01  9.4393e+01  0.0000e+00  0.0000e+00  0.0000e+00  0.0000e+00  0.0000e+00  0.0000e+00       0.0       0.0      0325
 -118.8979   37.6771 -2.7644e+00  4.5488e+00  1.2969e+00  0.0000e+00  0.0000e+00  0.0000e+00  0.0000e+00  0.0000e+00  0.0000e+00       0.0       0.0      0326
 -116.5543   36.7154 -3.6330e-01  1.3070e+01  5.3458e+00  0.0000e+00  0.0000e+00  0.0000e+00  0.0000e+00  0.0000e+00  0.0000e+00       0.0       0.0      0327
 -116.4683   36.8404  3.6096e-02  1.1982e+01  4.6380e+00  0.0000e+00  0.0000e+00  0.0000e+00  0.0000e+00  0.0000e+00  0.0000e+00       0.0       0.0      0328
 -118.0262   34.0190 -2.3034e+01 -9.7797e+00  6.0744e+00  0.0000e+00  0.0000e+00  0.0000e+00  0.0000e+00  0.0000e+00  0.0000e+00       0.0       0.0      0329
 -120.5248   35.9000 -5.1941e+00  2.2578e+00  1.4371e+00  0.0000e+00  0.0000e+00  0.0000e+00  0.0000e+00  0.0000e+00  0.0000e+00       0.0       0.0      0330
 -116.6098   33.6110 -3.9569e+00 -3.5182e+01  3.5729e+01  0.0000e+00  0.0000e+00  0.0000e+00  0.0000e+00  0.0000e+00  0.0000e+00       0.0       0.0      0331
 -118.6764   34.2357 -1.5905e+01 -3.1156e+00  7.9648e+00  0.0000e+00  0.0000e+00  0.0000e+00  0.0000e+00  0.0000e+00  0.0000e+00       0.0       0.0      0332
 -117.0855   36.2179 -4.9690e+00  1.7350e+01  9.1673e+00  0.0000e+00  0.0000e+00  0.0000e+00  0.0000e+00  0.0000e+00  0.0000e+00       0.0       0.0      0333
 -118.1929   34.8751 -2.2742e+01  5.3386e+00  1.4503e+01  0.0000e+00  0.0000e+00  0.0000e+00  0.0000e+00  0.0000e+00  0.0000e+00       0.0       0.0      0334
 -119.1844   34.5415 -1.2580e+01  5.9728e-02  5.1724e+00  0.0000e+00  0.0000e+00  0.0000e+00  0.0000e+00  0.0000e+00  0.0000e+00       0.0       0.0      0335
 -117.3533   34.0891 -3.3798e+01 -1.8822e+01  3.9611e+01  0.0000e+00  0.0000e+00  0.0000e+00  0.0000e+00  0.0000e+00  0.0000e+00       0.0       0.0      0336
 -116.6501   36.3163 -1.3200e+00  1.7499e+01  8.7311e+00  0.0000e+00  0.0000e+00  0.0000e+00  0.0000e+00  0.0000e+00  0.0000e+00       0.0       0.0      0337
 -121.5583   37.6665 -2.2282e+00  1.7829e+00  5.0012e-01  0.0000e+00  0.0000e+00  0.0000e+00  0.0000e+00  0.0000e+00  0.0000e+00       0.0       0.0      0338
 -117.8956   33.7432 -2.2144e+01 -9.8537e+00  1.2318e+01  0.0000e+00  0.0000e+00  0.0000e+00  0.0000e+00  0.0000e+00  0.0000e+00       0.0       0.0      0339
 -121.4472   36.7653 -3.0528e+00  1.7784e+00  6.9380e-01  0.0000e+00  0.0000e+00  0.0000e+00  0.0000e+00  0.0000e+00  0.0000e+00       0.0       0.0      0340
 -118.9532   37.6899 -2.7539e+00  4.4503e+00  1.2635e+00  0.0000e+00  0.0000e+00  0.0000e+00  0.0000e+00  0.0000e+00  0.0000e+00       0.0       0.0      0341
 -117.6615   33.5530 -1.9379e+01 -1.6145e+01  1.6000e+01  0.0000e+00  0.0000e+00  0.0000e+00  0.0000e+00  0.0000e+00  0.0000e+00       0.0       0.0      0342
 -117.3883   34.6074 -3.8195e+01  4.6174e+00  4.5614e+01  0.0000e+00  0.0000e+00  0.0000e+00  0.0000e+00  0.0000e+00  0.0000e+00       0.0       0.0      0343
 -118.4879   32.9144 -8.8350e+00 -8.0241e+00  4.7542e+00  0.0000e+00  0.0000e+00  0.0000e+00  0.0000e+00  0.0000e+00  0.0000e+00       0.0       0.0      0344
 -117.6346   33.4441 -1.6979e+01 -1.6723e+01  1.4805e+01  0.0000e+00  0.0000e+00  0.0000e+00  0.0000e+00  0.0000e+00  0.0000e+00       0.0       0.0      0345
 -116.2789   34.2550  1.7042e+01 -2.3030e+01  8.4852e+01  0.0000e+00  0.0000e+00  0.0000e+00  0.0000e+00  0.0000e+00  0.0000e+00       0.0       0.0      0346
 -118.7545   34.4598 -1.6121e+01 -9.4393e-01  7.8280e+00  0.0000e+00  0.0000e+00  0.0000e+00  0.0000e+00  0.0000e+00  0.0000e+00       0.0       0.0      0347
 -117.8617   34.2056 -3.0699e+01 -1.1014e+01  1.8093e+01  0.0000e+00  0.0000e+00  0.0000e+00  0.0000e+00  0.0000e+00  0.0000e+00       0.0       0.0      0348
 -118.1090   34.0886 -2.0894e+01 -9.9326e+00  7.6968e+00  0.0000e+00  0.0000e+00  0.0000e+00  0.0000e+00  0.0000e+00  0.0000e+00       0.0       0.0      0349
 -116.6957   33.9125 -1.0730e+01 -3.7034e+01  5.6714e+01  0.0000e+00  0.0000e+00  0.0000e+00  0.0000e+00  0.0000e+00  0.0000e+00       0.0       0.0      0350
 -116.2990   35.9713  2.3558e+00  2.2869e+01  1.4059e+01  0.0000e+00  0.0000e+00  0.0000e+00  0.0000e+00  0.0000e+00  0.0000e+00       0.0       0.0      0351
 -116.0156   34.6243  3.2808e+01  1.0427e+01  7.4492e+01  0.0000e+00  0.0000e+00  0.0000e+00  0.0000e+00  0.0000e+00  0.0000e+00       0.0       0.0      0352
 -118.2639   34.1029 -1.7985e+01 -7.5814e+00  8.7623e+00  0.0000e+00  0.0000e+00  0.0000e+00  0.0000e+00  0.0000e+00  0.0000e+00       0.0       0.0      0353
 -117.2504   32.8647 -6.8702e+00 -1.7009e+01  9.5017e+00  0.0000e+00  0.0000e+00  0.0000e+00  0.0000e+00  0.0000e+00  0.0000e+00       0.0       0.0      0354
 -117.2497   32.8407 -6.6582e+00 -1.6752e+01  9.2223e+00  0.0000e+00  0.0000e+00  0.0000e+00  0.0000e+00  0.0000e+00  0.0000e+00       0.0       0.0      0355
 -116.2106   36.7305  1.2359e+00  1.2770e+01  5.1812e+00  0.0000e+00  0.0000e+00  0.0000e+00  0.0000e+00  0.0000e+00  0.0000e+00       0.0       0.0      0356
 -115.9778   33.2922  9.1420e+00 -2.5275e+01  1.8957e+01  0.0000e+00  0.0000e+00  0.0000e+00  0.0000e+00  0.0000e+00  0.0000e+00       0.0       0.0      0357
 -115.5875   36.3196  5.7967e+00  1.4593e+01  7.2273e+00  0.0000e+00  0.0000e+00  0.0000e+00  0.0000e+00  0.0000e+00  0.0000e+00       0.0       0.0      0358
 -117.9286   33.9273 -2.5767e+01 -8.8534e+00  8.6474e+00  0.0000e+00  0.0000e+00  0.0000e+00  0.0000e+00  0.0000e+00  0.0000e+00       0.0       0.0      0359
 -119.5244   33.2479 -7.6640e+00 -3.6851e+00  2.7712e+00  0.0000e+00  0.0000e+00  0.0000e+00  0.0000e+00  0.0000e+00  0.0000e+00       0.0       0.0      0360
 -121.9255   37.1664 -2.4337e+00  1.5343e+00  5.0679e-01  0.0000e+00  0.0000e+00  0.0000e+00  0.0000e+00  0.0000e+00  0.0000e+00       0.0       0.0      0361
 -119.0643   34.3199 -1.3163e+01 -1.3606e+00  5.6701e+00  0.0000e+00  0.0000e+00  0.0000e+00  0.0000e+00  0.0000e+00  0.0000e+00       0.0       0.0      0362
 -118.6462   34.0593 -1.4996e+01 -4.3390e+00  7.5842e+00  0.0000e+00  0.0000e+00  0.0000e+00  0.0000e+00  0.0000e+00  0.0000e+00       0.0       0.0      0363
 -117.8488   33.9927 -2.9561e+01 -1.1334e+01  1.2414e+01  0.0000e+00  0.0000e+00  0.0000e+00  0.0000e+00  0.0000e+00  0.0000e+00       0.0       0.0      0364
 -120.0652   34.0043 -7.5684e+00 -1.2163e+00  2.3392e+00  0.0000e+00  0.0000e+00  0.0000e+00  0.0000e+00  0.0000e+00  0.0000e+00       0.0       0.0      0365
 -116.3378   36.6446  7.2837e-01  1.3704e+01  5.7852e+00  0.0000e+00  0.0000e+00  0.0000e+00  0.0000e+00  0.0000e+00  0.0000e+00       0.0       0.0      0366
 -117.6783   34.3818 -3.4833e+01 -5.9898e+00  2.9471e+01  0.0000e+00  0.0000e+00  0.0000e+00  0.0000e+00  0.0000e+00  0.0000e+00       0.0       0.0      0367
 -116.5743   36.9316 -3.6561e-01  1.1248e+01  4.1921e+00  0.0000e+00  0.0000e+00  0.0000e+00  0.0000e+00  0.0000e+00  0.0000e+00       0.0       0.0      0368
 -120.3603   35.9174 -5.4720e+00  2.5013e+00  1.5781e+00  0.0000e+00  0.0000e+00  0.0000e+00  0.0000e+00  0.0000e+00  0.0000e+00       0.0       0.0      0369
 -121.9355   37.3515 -2.3007e+00  1.5490e+00  4.7918e-01  0.0000e+00  0.0000e+00  0.0000e+00  0.0000e+00  0.0000e+00  0.0000e+00       0.0       0.0      0370
 -118.4146   35.1582 -1.7582e+01  6.9857e+00  1.0026e+01  0.0000e+00  0.0000e+00  0.0000e+00  0.0000e+00  0.0000e+00  0.0000e+00       0.0       0.0      0371
 -118.8629   37.6189 -2.8636e+00  4.6896e+00  1.3622e+00  0.0000e+00  0.0000e+00  0.0000e+00  0.0000e+00  0.0000e+00  0.0000e+00       0.0       0.0      0372
 -116.2297   36.9348  9.0693e-01  1.1126e+01  4.1366e+00  0.0000e+00  0.0000e+00  0.0000e+00  0.0000e+00  0.0000e+00  0.0000e+00       0.0       0.0      0373
 -120.1326   34.4835 -7.6730e+00 -6.5650e-03  2.3328e+00  0.0000e+00  0.0000e+00  0.0000e+00  0.0000e+00  0.0000e+00  0.0000e+00       0.0       0.0      0374
 -116.1605   33.6412  1.0950e+01 -3.3399e+01  3.5171e+01  0.0000e+00  0.0000e+00  0.0000e+00  0.0000e+00  0.0000e+00  0.0000e+00       0.0       0.0      0375
 -118.3306   33.7978 -1.5257e+01 -6.2559e+00  7.9822e+00  0.0000e+00  0.0000e+00  0.0000e+00  0.0000e+00  0.0000e+00  0.0000e+00       0.0       0.0      0376
 -118.8367   34.2480 -1.4668e+01 -2.3825e+00  6.9072e+00  0.0000e+00  0.0000e+00  0.0000e+00  0.0000e+00  0.0000e+00  0.0000e+00       0.0       0.0      0377
 -117.8034   33.6179 -2.0251e+01 -1.2994e+01  1.4125e+01  0.0000e+00  0.0000e+00  0.0000e+00  0.0000e+00  0.0000e+00  0.0000e+00       0.0       0.0      0378
 -116.5305   34.8386 -2.7307e+00  3.0565e+01  8.1902e+01  0.0000e+00  0.0000e+00  0.0000e+00  0.0000e+00  0.0000e+00  0.0000e+00       0.0       0.0      0379
 -117.7255   33.9725 -3.0833e+01 -1.3262e+01  1.8731e+01  0.0000e+00  0.0000e+00  0.0000e+00  0.0000e+00  0.0000e+00  0.0000e+00       0.0       0.0      0380
 -118.4419   34.0691 -1.6209e+01 -5.6540e+00  8.5172e+00  0.0000e+00  0.0000e+00  0.0000e+00  0.0000e+00  0.0000e+00  0.0000e+00       0.0       0.0      0381
 -119.8438   34.4133 -8.8043e+00 -2.6563e-01  2.9091e+00  0.0000e+00  0.0000e+00  0.0000e+00  0.0000e+00  0.0000e+00  0.0000e+00       0.0       0.0      0382
 -118.2851   34.0239 -1.6618e+01 -7.0294e+00  7.9088e+00  0.0000e+00  0.0000e+00  0.0000e+00  0.0000e+00  0.0000e+00  0.0000e+00       0.0       0.0      0383
 -116.0853   33.0301  5.1352e+00 -2.1818e+01  1.3448e+01  0.0000e+00  0.0000e+00  0.0000e+00  0.0000e+00  0.0000e+00  0.0000e+00       0.0       0.0      0384
 -120.6611   35.3118 -5.6681e+00  1.3987e+00  1.5107e+00  0.0000e+00  0.0000e+00  0.0000e+00  0.0000e+00  0.0000e+00  0.0000e+00       0.0       0.0      0385
 -120.5635   34.8266 -6.2578e+00  6.6228e-01  1.7028e+00  0.0000e+00  0.0000e+00  0.0000e+00  0.0000e+00  0.0000e+00  0.0000e+00       0.0       0.0      0386
 -119.4839   34.8515 -1.0493e+01  1.4429e+00  3.8841e+00  0.0000e+00  0.0000e+00  0.0000e+00  0.0000e+00  0.0000e+00  0.0000e+00       0.0       0.0      0387
 -118.2200   34.1786 -2.0039e+01 -7.9179e+00  1.0195e+01  0.0000e+00  0.0000e+00  0.0000e+00  0.0000e+00  0.0000e+00  0.0000e+00       0.0       0.0      0388
 -118.5144   34.1264 -1.6325e+01 -4.8485e+00  8.5655e+00  0.0000e+00  0.0000e+00  0.0000e+00  0.0000e+00  0.0000e+00  0.0000e+00       0.0       0.0      0389
 -119.2377   34.2758 -1.1894e+01 -1.3074e+00  4.8051e+00  0.0000e+00  0.0000e+00  0.0000e+00  0.0000e+00  0.0000e+00  0.0000e+00       0.0       0.0      0390
 -118.4845   34.2932 -1.8129e+01 -3.7349e+00  9.7009e+00  0.0000e+00  0.0000e+00  0.0000e+00  0.0000e+00  0.0000e+00  0.0000e+00       0.0       0.0      0391
 -120.6164   34.5563 -6.1692e+00  1.5935e-01  1.6543e+00  0.0000e+00  0.0000e+00  0.0000e+00  0.0000e+00  0.0000e+00  0.0000e+00       0.0       0.0      0392
 -118.1212   34.5015 -2.5415e+01 -2.0011e+00  1.6210e+01  0.0000e+00  0.0000e+00  0.0000e+00  0.0000e+00  0.0000e+00  0.0000e+00       0.0       0.0      0393
 -118.2938   33.7126 -1.5356e+01 -6.7717e+00  8.2830e+00  0.0000e+00  0.0000e+00  0.0000e+00  0.0000e+00  0.0000e+00  0.0000e+00       0.0       0.0      0394
 -117.9920   34.0309 -2.4787e+01 -1.0453e+01  6.9378e+00  0.0000e+00  0.0000e+00  0.0000e+00  0.0000e+00  0.0000e+00  0.0000e+00       0.0       0.0      0395
 -118.6539   37.6643 -2.7097e+00  4.9312e+00  1.4126e+00  0.0000e+00  0.0000e+00  0.0000e+00  0.0000e+00  0.0000e+00  0.0000e+00       0.0       0.0      0396
 -117.9111   34.0619 -2.8570e+01 -1.1769e+01  1.0726e+01  0.0000e+00  0.0000e+00  0.0000e+00  0.0000e+00  0.0000e+00  0.0000e+00       0.0       0.0      0397
 -118.9837   35.0108 -1.3448e+01  3.1719e+00  5.9552e+00  0.0000e+00  0.0000e+00  0.0000e+00  0.0000e+00  0.0000e+00  0.0000e+00       0.0       0.0      0398
 -118.0312   33.9799 -2.2273e+01 -8.6714e+00  5.6541e+00  0.0000e+00  0.0000e+00  0.0000e+00  0.0000e+00  0.0000e+00  0.0000e+00       0.0       0.0      0399
 -117.6435   33.6745 -2.2558e+01 -1.6119e+01  1.8141e+01  0.0000e+00  0.0000e+00  0.0000e+00  0.0000e+00  0.0000e+00  0.0000e+00       0.0       0.0      0400
 -116.3918   33.9348  5.7794e+00 -3.7669e+01  6.0108e+01  0.0000e+00  0.0000e+00  0.0000e+00  0.0000e+00  0.0000e+00  0.0000e+00       0.0       0.0      0401
 -118.7415   34.5685 -1.6434e+01  5.2168e-02  8.0207e+00  0.0000e+00  0.0000e+00  0.0000e+00  0.0000e+00  0.0000e+00  0.0000e+00       0.0       0.0      0402
 -118.0559   34.2261 -2.4938e+01 -9.4862e+00  1.3087e+01  0.0000e+00  0.0000e+00  0.0000e+00  0.0000e+00  0.0000e+00  0.0000e+00       0.0       0.0      0403
 -118.4143   34.2594 -1.8587e+01 -4.6649e+00  1.0081e+01  0.0000e+00  0.0000e+00  0.0000e+00  0.0000e+00  0.0000e+00  0.0000e+00       0.0       0.0      0404
 -118.0593   34.0432 -2.1939e+01 -9.9662e+00  6.3547e+00  0.0000e+00  0.0000e+00  0.0000e+00  0.0000e+00  0.0000e+00  0.0000e+00       0.0       0.0      0405
 -116.9317   34.6690 -3.0953e+01  1.3954e+01  7.6704e+01  0.0000e+00  0.0000e+00  0.0000e+00  0.0000e+00  0.0000e+00  0.0000e+00       0.0       0.0      0406
 -118.4276   33.9582 -1.5348e+01 -5.8451e+00  8.0045e+00  0.0000e+00  0.0000e+00  0.0000e+00  0.0000e+00  0.0000e+00  0.0000e+00       0.0       0.0      0407
 -116.6539   33.9553 -9.1363e+00 -3.7070e+01  6.1217e+01  0.0000e+00  0.0000e+00  0.0000e+00  0.0000e+00  0.0000e+00  0.0000e+00       0.0       0.0      0408
