       lon       lat          ve          vn          vu          se          sn          su         ren         reu         rnu     start    finish      name
 -117.0932   34.1164  8.9270e+00 -6.7336e+00  0.0000e+00  0.0000e+00  0.0000e+00  0.0000e+00  0.0000e+00  0.0000e+00  0.0000e+00       0.0       0.0      0001
 -116.4294   34.5943  1.2617e+01 -9.6468e+00  0.0000e+00  0.0000e+00  0.0000e+00  0.0000e+00  0.0000e+00  0.0000e+00  0.0000e+00       0.0       0.0      0002
 -115.1585   37.3580  1.3411e+01 -1.0547e+01  0.0000e+00  0.0000e+00  0.0000e+00  0.0000e+00  0.0000e+00  0.0000e+00  0.0000e+00       0.0       0.0      0003
 -118.6948   34.8245 -4.2547e-01  3.1052e-01  0.0000e+00  0.0000e+00  0.0000e+00  0.0000e+00  0.0000e+00  0.0000e+00  0.0000e+00       0.0       0.0      0004
 -119.3635   34.0150 -1.2971e+01  9.3366e+00  0.0000e+00  0.0000e+00  0.0000e+00  0.0000e+00  0.0000e+00  0.0000e+00  0.0000e+00       0.0       0.0      0005
 -118.8303   34.1574 -1.2192e+01  8.8737e+00  0.0000e+00  0.0000e+00  0.0000e+00  0.0000e+00  0.0000e+00  0.0000e+00  0.0000e+00       0.0       0.0      0006
 -114.9318   36.3191  1.3331e+01 -1.0518e+01  0.0000e+00  0.0000e+00  0.0000e+00  0.0000e+00  0.0000e+00  0.0000e+00  0.0000e+00       0.0       0.0      0007
 -117.5219   36.0500  1.3232e+01 -9.8995e+00  0.0000e+00  0.0000e+00  0.0000e+00  0.0000e+00  0.0000e+00  0.0000e+00  0.0000e+00       0.0       0.0      0008
 -118.9104   35.2013  8.6872e+00 -6.3117e+00  0.0000e+00  0.0000e+00  0.0000e+00  0.0000e+00  0.0000e+00  0.0000e+00  0.0000e+00       0.0       0.0      0009
 -117.1540   34.4683  1.1452e+01 -8.6278e+00  0.0000e+00  0.0000e+00  0.0000e+00  0.0000e+00  0.0000e+00  0.0000e+00  0.0000e+00       0.0       0.0      0010
 -116.6297   33.5401 -9.7843e-01  7.4494e-01  0.0000e+00  0.0000e+00  0.0000e+00  0.0000e+00  0.0000e+00  0.0000e+00  0.0000e+00       0.0       0.0      0011
 -117.8965   34.1260 -8.2729e+00  6.1388e+00  0.0000e+00  0.0000e+00  0.0000e+00  0.0000e+00  0.0000e+00  0.0000e+00  0.0000e+00       0.0       0.0      0012
 -118.9014   37.7834  1.3609e+01 -9.9017e+00  0.0000e+00  0.0000e+00  0.0000e+00  0.0000e+00  0.0000e+00  0.0000e+00  0.0000e+00       0.0       0.0      0013
 -119.0297   33.4804 -1.3200e+01  9.5701e+00  0.0000e+00  0.0000e+00  0.0000e+00  0.0000e+00  0.0000e+00  0.0000e+00  0.0000e+00       0.0       0.0      0014
 -119.9815   34.5822 -1.2787e+01  9.0824e+00  0.0000e+00  0.0000e+00  0.0000e+00  0.0000e+00  0.0000e+00  0.0000e+00  0.0000e+00       0.0       0.0      0015
 -116.8842   34.2643  1.1273e+01 -8.5396e+00  0.0000e+00  0.0000e+00  0.0000e+00  0.0000e+00  0.0000e+00  0.0000e+00  0.0000e+00       0.0       0.0      0016
 -119.4058   34.9205 -1.0029e+01  7.2105e+00  0.0000e+00  0.0000e+00  0.0000e+00  0.0000e+00  0.0000e+00  0.0000e+00  0.0000e+00       0.0       0.0      0017
 -116.6211   37.0399  1.3467e+01 -1.0274e+01  0.0000e+00  0.0000e+00  0.0000e+00  0.0000e+00  0.0000e+00  0.0000e+00  0.0000e+00       0.0       0.0      0018
 -115.9982   34.0005  1.2104e+01 -9.3332e+00  0.0000e+00  0.0000e+00  0.0000e+00  0.0000e+00  0.0000e+00  0.0000e+00  0.0000e+00       0.0       0.0      0019
 -118.0741   35.8784  1.3015e+01 -9.6253e+00  0.0000e+00  0.0000e+00  0.0000e+00  0.0000e+00  0.0000e+00  0.0000e+00  0.0000e+00       0.0       0.0      0020
 -118.1597   33.9671 -1.1392e+01  8.4081e+00  0.0000e+00  0.0000e+00  0.0000e+00  0.0000e+00  0.0000e+00  0.0000e+00  0.0000e+00       0.0       0.0      0021
 -117.0646   33.5782 -8.7630e+00  6.6138e+00  0.0000e+00  0.0000e+00  0.0000e+00  0.0000e+00  0.0000e+00  0.0000e+00  0.0000e+00       0.0       0.0      0022
 -116.0804   35.2870  1.3138e+01 -1.0119e+01  0.0000e+00  0.0000e+00  0.0000e+00  0.0000e+00  0.0000e+00  0.0000e+00  0.0000e+00       0.0       0.0      0023
 -118.0947   33.9623 -1.1214e+01  8.2873e+00  0.0000e+00  0.0000e+00  0.0000e+00  0.0000e+00  0.0000e+00  0.0000e+00  0.0000e+00       0.0       0.0      0024
 -119.1095   35.1324  2.7823e+00 -2.0130e+00  0.0000e+00  0.0000e+00  0.0000e+00  0.0000e+00  0.0000e+00  0.0000e+00  0.0000e+00       0.0       0.0      0025
 -118.0287   33.7995 -1.1735e+01  8.6849e+00  0.0000e+00  0.0000e+00  0.0000e+00  0.0000e+00  0.0000e+00  0.0000e+00  0.0000e+00       0.0       0.0      0026
 -114.7148   33.6104  1.2575e+01 -9.9426e+00  0.0000e+00  0.0000e+00  0.0000e+00  0.0000e+00  0.0000e+00  0.0000e+00  0.0000e+00       0.0       0.0      0027
 -116.0530   34.2514  1.2459e+01 -9.5965e+00  0.0000e+00  0.0000e+00  0.0000e+00  0.0000e+00  0.0000e+00  0.0000e+00  0.0000e+00       0.0       0.0      0028
 -116.9847   33.9627  7.2491e+00 -5.4800e+00  0.0000e+00  0.0000e+00  0.0000e+00  0.0000e+00  0.0000e+00  0.0000e+00  0.0000e+00       0.0       0.0      0029
 -118.2770   34.1849 -1.0500e+01  7.7304e+00  0.0000e+00  0.0000e+00  0.0000e+00  0.0000e+00  0.0000e+00  0.0000e+00  0.0000e+00       0.0       0.0      0030
 -118.5768   34.6823 -3.9827e+00  2.9139e+00  0.0000e+00  0.0000e+00  0.0000e+00  0.0000e+00  0.0000e+00  0.0000e+00  0.0000e+00       0.0       0.0      0031
 -117.0120   34.9186  1.2627e+01 -9.5417e+00  0.0000e+00  0.0000e+00  0.0000e+00  0.0000e+00  0.0000e+00  0.0000e+00  0.0000e+00       0.0       0.0      0032
 -118.1882   34.2928 -8.5091e+00  6.2762e+00  0.0000e+00  0.0000e+00  0.0000e+00  0.0000e+00  0.0000e+00  0.0000e+00  0.0000e+00       0.0       0.0      0033
 -116.8717   36.9176  1.3459e+01 -1.0213e+01  0.0000e+00  0.0000e+00  0.0000e+00  0.0000e+00  0.0000e+00  0.0000e+00  0.0000e+00       0.0       0.0      0034
 -116.4509   36.7453  1.3428e+01 -1.0277e+01  0.0000e+00  0.0000e+00  0.0000e+00  0.0000e+00  0.0000e+00  0.0000e+00  0.0000e+00       0.0       0.0      0035
 -119.3475   35.1573 -3.2532e+00  2.3419e+00  0.0000e+00  0.0000e+00  0.0000e+00  0.0000e+00  0.0000e+00  0.0000e+00  0.0000e+00       0.0       0.0      0036
 -115.9899   33.6551  1.0991e+01 -8.4758e+00  0.0000e+00  0.0000e+00  0.0000e+00  0.0000e+00  0.0000e+00  0.0000e+00  0.0000e+00       0.0       0.0      0037
 -120.4337   35.9394  4.5787e+00 -3.2201e+00  0.0000e+00  0.0000e+00  0.0000e+00  0.0000e+00  0.0000e+00  0.0000e+00  0.0000e+00       0.0       0.0      0038
 -120.4308   35.8884  2.2346e+00 -1.5716e+00  0.0000e+00  0.0000e+00  0.0000e+00  0.0000e+00  0.0000e+00  0.0000e+00  0.0000e+00       0.0       0.0      0039
 -118.8967   37.6446  1.3584e+01 -9.8829e+00  0.0000e+00  0.0000e+00  0.0000e+00  0.0000e+00  0.0000e+00  0.0000e+00  0.0000e+00       0.0       0.0      0040
 -118.4830   33.4458 -1.2924e+01  9.4767e+00  0.0000e+00  0.0000e+00  0.0000e+00  0.0000e+00  0.0000e+00  0.0000e+00  0.0000e+00       0.0       0.0      0041
 -118.3338   33.3116 -1.2948e+01  9.5241e+00  0.0000e+00  0.0000e+00  0.0000e+00  0.0000e+00  0.0000e+00  0.0000e+00  0.0000e+00       0.0       0.0      0042
 -118.6298   34.1386 -1.1881e+01  8.6836e+00  0.0000e+00  0.0000e+00  0.0000e+00  0.0000e+00  0.0000e+00  0.0000e+00  0.0000e+00       0.0       0.0      0043
 -117.6712   35.5653  1.2923e+01 -9.6366e+00  0.0000e+00  0.0000e+00  0.0000e+00  0.0000e+00  0.0000e+00  0.0000e+00  0.0000e+00       0.0       0.0      0044
 -118.2112   33.8763 -1.1869e+01  8.7510e+00  0.0000e+00  0.0000e+00  0.0000e+00  0.0000e+00  0.0000e+00  0.0000e+00  0.0000e+00       0.0       0.0      0045
 -117.8649   33.8627 -1.0959e+01  8.1374e+00  0.0000e+00  0.0000e+00  0.0000e+00  0.0000e+00  0.0000e+00  0.0000e+00  0.0000e+00       0.0       0.0      0046
 -119.0135   34.8064 -8.2432e+00  5.9761e+00  0.0000e+00  0.0000e+00  0.0000e+00  0.0000e+00  0.0000e+00  0.0000e+00  0.0000e+00       0.0       0.0      0047
 -116.3359   34.8295  1.2863e+01 -9.8542e+00  0.0000e+00  0.0000e+00  0.0000e+00  0.0000e+00  0.0000e+00  0.0000e+00  0.0000e+00       0.0       0.0      0048
 -117.9649   34.2440 -6.4258e+00  4.7614e+00  0.0000e+00  0.0000e+00  0.0000e+00  0.0000e+00  0.0000e+00  0.0000e+00  0.0000e+00       0.0       0.0      0049
 -118.0260   34.3334 -4.5948e+00  3.4004e+00  0.0000e+00  0.0000e+00  0.0000e+00  0.0000e+00  0.0000e+00  0.0000e+00  0.0000e+00       0.0       0.0      0050
 -116.7655   36.7465  1.3434e+01 -1.0215e+01  0.0000e+00  0.0000e+00  0.0000e+00  0.0000e+00  0.0000e+00  0.0000e+00  0.0000e+00       0.0       0.0      0051
 -117.8277   34.6405  9.8767e+00 -7.3393e+00  0.0000e+00  0.0000e+00  0.0000e+00  0.0000e+00  0.0000e+00  0.0000e+00  0.0000e+00       0.0       0.0      0052
 -118.9373   34.1096 -1.2448e+01  9.0397e+00  0.0000e+00  0.0000e+00  0.0000e+00  0.0000e+00  0.0000e+00  0.0000e+00  0.0000e+00       0.0       0.0      0053
 -118.1273   34.1367 -1.0103e+01  7.4609e+00  0.0000e+00  0.0000e+00  0.0000e+00  0.0000e+00  0.0000e+00  0.0000e+00  0.0000e+00       0.0       0.0      0054
 -117.4794   34.3138  8.2211e+00 -6.1527e+00  0.0000e+00  0.0000e+00  0.0000e+00  0.0000e+00  0.0000e+00  0.0000e+00  0.0000e+00       0.0       0.0      0055
 -117.7088   34.1099 -5.6606e+00  4.2166e+00  0.0000e+00  0.0000e+00  0.0000e+00  0.0000e+00  0.0000e+00  0.0000e+00  0.0000e+00       0.0       0.0      0056
 -118.4114   34.3532 -9.6457e+00  7.0817e+00  0.0000e+00  0.0000e+00  0.0000e+00  0.0000e+00  0.0000e+00  0.0000e+00  0.0000e+00       0.0       0.0      0057
 -121.2785   37.8964  1.3444e+01 -9.2845e+00  0.0000e+00  0.0000e+00  0.0000e+00  0.0000e+00  0.0000e+00  0.0000e+00  0.0000e+00       0.0       0.0      0058
 -117.6089   33.8576 -9.6335e+00  7.1907e+00  0.0000e+00  0.0000e+00  0.0000e+00  0.0000e+00  0.0000e+00  0.0000e+00  0.0000e+00       0.0       0.0      0059
 -119.8795   34.4149 -1.2917e+01  9.1955e+00  0.0000e+00  0.0000e+00  0.0000e+00  0.0000e+00  0.0000e+00  0.0000e+00  0.0000e+00       0.0       0.0      0060
 -117.8089   35.9823  1.3151e+01 -9.7803e+00  0.0000e+00  0.0000e+00  0.0000e+00  0.0000e+00  0.0000e+00  0.0000e+00  0.0000e+00       0.0       0.0      0061
 -116.3869   33.7325  9.6727e+00 -7.4003e+00  0.0000e+00  0.0000e+00  0.0000e+00  0.0000e+00  0.0000e+00  0.0000e+00  0.0000e+00       0.0       0.0      0062
 -117.5730   35.0717  1.2407e+01 -9.2685e+00  0.0000e+00  0.0000e+00  0.0000e+00  0.0000e+00  0.0000e+00  0.0000e+00  0.0000e+00       0.0       0.0      0063
 -116.5693   36.8077  1.3439e+01 -1.0261e+01  0.0000e+00  0.0000e+00  0.0000e+00  0.0000e+00  0.0000e+00  0.0000e+00  0.0000e+00       0.0       0.0      0064
 -120.7508   35.7916 -8.8062e+00  6.1505e+00  0.0000e+00  0.0000e+00  0.0000e+00  0.0000e+00  0.0000e+00  0.0000e+00  0.0000e+00       0.0       0.0      0065
 -117.0997   34.0391  7.3629e+00 -5.5531e+00  0.0000e+00  0.0000e+00  0.0000e+00  0.0000e+00  0.0000e+00  0.0000e+00  0.0000e+00       0.0       0.0      0066
 -118.2728   33.8235 -1.2131e+01  8.9328e+00  0.0000e+00  0.0000e+00  0.0000e+00  0.0000e+00  0.0000e+00  0.0000e+00  0.0000e+00       0.0       0.0      0067
 -115.7350   33.0698  4.0909e+00 -3.1704e+00  0.0000e+00  0.0000e+00  0.0000e+00  0.0000e+00  0.0000e+00  0.0000e+00  0.0000e+00       0.0       0.0      0068
 -119.7848   34.0293 -1.3209e+01  9.4232e+00  0.0000e+00  0.0000e+00  0.0000e+00  0.0000e+00  0.0000e+00  0.0000e+00  0.0000e+00       0.0       0.0      0069
 -119.0390   34.1684 -1.2461e+01  9.0302e+00  0.0000e+00  0.0000e+00  0.0000e+00  0.0000e+00  0.0000e+00  0.0000e+00  0.0000e+00       0.0       0.0      0070
 -118.2567   33.8615 -1.2002e+01  8.8405e+00  0.0000e+00  0.0000e+00  0.0000e+00  0.0000e+00  0.0000e+00  0.0000e+00  0.0000e+00       0.0       0.0      0071
 -118.5238   34.2535 -1.1083e+01  8.1177e+00  0.0000e+00  0.0000e+00  0.0000e+00  0.0000e+00  0.0000e+00  0.0000e+00  0.0000e+00       0.0       0.0      0072
 -119.3712   34.4081 -1.2408e+01  8.9283e+00  0.0000e+00  0.0000e+00  0.0000e+00  0.0000e+00  0.0000e+00  0.0000e+00  0.0000e+00       0.0       0.0      0073
 -118.6132   34.5165 -9.0971e+00  6.6508e+00  0.0000e+00  0.0000e+00  0.0000e+00  0.0000e+00  0.0000e+00  0.0000e+00  0.0000e+00       0.0       0.0      0074
 -116.3704   34.1241  1.1874e+01 -9.0883e+00  0.0000e+00  0.0000e+00  0.0000e+00  0.0000e+00  0.0000e+00  0.0000e+00  0.0000e+00       0.0       0.0      0075
 -119.6739   34.9426 -1.1152e+01  7.9722e+00  0.0000e+00  0.0000e+00  0.0000e+00  0.0000e+00  0.0000e+00  0.0000e+00  0.0000e+00       0.0       0.0      0076
 -117.9017   34.0820 -9.0739e+00  6.7324e+00  0.0000e+00  0.0000e+00  0.0000e+00  0.0000e+00  0.0000e+00  0.0000e+00  0.0000e+00       0.0       0.0      0077
 -118.3969   34.3348 -9.7590e+00  7.1670e+00  0.0000e+00  0.0000e+00  0.0000e+00  0.0000e+00  0.0000e+00  0.0000e+00  0.0000e+00       0.0       0.0      0078
 -118.9812   37.7442  1.3602e+01 -9.8789e+00  0.0000e+00  0.0000e+00  0.0000e+00  0.0000e+00  0.0000e+00  0.0000e+00  0.0000e+00       0.0       0.0      0079
 -115.7880   33.3898  1.0042e+01 -7.7741e+00  0.0000e+00  0.0000e+00  0.0000e+00  0.0000e+00  0.0000e+00  0.0000e+00  0.0000e+00       0.0       0.0      0080
 -121.9156   37.8786  1.3222e+01 -9.0016e+00  0.0000e+00  0.0000e+00  0.0000e+00  0.0000e+00  0.0000e+00  0.0000e+00  0.0000e+00       0.0       0.0      0081
 -118.3485   34.0239 -1.1657e+01  8.5697e+00  0.0000e+00  0.0000e+00  0.0000e+00  0.0000e+00  0.0000e+00  0.0000e+00  0.0000e+00       0.0       0.0      0082
 -117.2495   33.0365 -1.2357e+01  9.2922e+00  0.0000e+00  0.0000e+00  0.0000e+00  0.0000e+00  0.0000e+00  0.0000e+00  0.0000e+00       0.0       0.0      0083
 -116.7121   33.7333  5.5413e+00 -4.2119e+00  0.0000e+00  0.0000e+00  0.0000e+00  0.0000e+00  0.0000e+00  0.0000e+00  0.0000e+00       0.0       0.0      0084
 -117.8601   34.4134  4.2713e+00 -3.1718e+00  0.0000e+00  0.0000e+00  0.0000e+00  0.0000e+00  0.0000e+00  0.0000e+00  0.0000e+00       0.0       0.0      0085
 -118.0393   37.7428  1.3591e+01 -1.0072e+01  0.0000e+00  0.0000e+00  0.0000e+00  0.0000e+00  0.0000e+00  0.0000e+00  0.0000e+00       0.0       0.0      0086
 -118.1260   33.9380 -1.1428e+01  8.4406e+00  0.0000e+00  0.0000e+00  0.0000e+00  0.0000e+00  0.0000e+00  0.0000e+00  0.0000e+00       0.0       0.0      0087
 -118.3290   33.8868 -1.2061e+01  8.8705e+00  0.0000e+00  0.0000e+00  0.0000e+00  0.0000e+00  0.0000e+00  0.0000e+00  0.0000e+00       0.0       0.0      0088
 -117.4117   33.6477 -1.0464e+01  7.8422e+00  0.0000e+00  0.0000e+00  0.0000e+00  0.0000e+00  0.0000e+00  0.0000e+00  0.0000e+00       0.0       0.0      0089
 -114.2642   37.9155  1.3357e+01 -1.0707e+01  0.0000e+00  0.0000e+00  0.0000e+00  0.0000e+00  0.0000e+00  0.0000e+00  0.0000e+00       0.0       0.0      0090
 -118.8304   34.9462  1.7444e+00 -1.2695e+00  0.0000e+00  0.0000e+00  0.0000e+00  0.0000e+00  0.0000e+00  0.0000e+00  0.0000e+00       0.0       0.0      0091
 -118.2084   34.0297 -1.1234e+01  8.2831e+00  0.0000e+00  0.0000e+00  0.0000e+00  0.0000e+00  0.0000e+00  0.0000e+00  0.0000e+00       0.0       0.0      0092
 -117.5256   34.1042 -8.5326e-01  6.3797e-01  0.0000e+00  0.0000e+00  0.0000e+00  0.0000e+00  0.0000e+00  0.0000e+00  0.0000e+00       0.0       0.0      0093
 -120.0094   34.7330 -1.2567e+01  8.9204e+00  0.0000e+00  0.0000e+00  0.0000e+00  0.0000e+00  0.0000e+00  0.0000e+00  0.0000e+00       0.0       0.0      0094
 -118.8941   34.4099 -1.1464e+01  8.3320e+00  0.0000e+00  0.0000e+00  0.0000e+00  0.0000e+00  0.0000e+00  0.0000e+00  0.0000e+00       0.0       0.0      0095
 -118.8840   34.3563 -1.1669e+01  8.4828e+00  0.0000e+00  0.0000e+00  0.0000e+00  0.0000e+00  0.0000e+00  0.0000e+00  0.0000e+00       0.0       0.0      0096
 -117.9357   33.6623 -1.1979e+01  8.8826e+00  0.0000e+00  0.0000e+00  0.0000e+00  0.0000e+00  0.0000e+00  0.0000e+00  0.0000e+00       0.0       0.0      0097
 -118.3595   34.0806 -1.1448e+01  8.4142e+00  0.0000e+00  0.0000e+00  0.0000e+00  0.0000e+00  0.0000e+00  0.0000e+00  0.0000e+00       0.0       0.0      0098
 -118.8934   34.8002 -6.6267e+00  4.8163e+00  0.0000e+00  0.0000e+00  0.0000e+00  0.0000e+00  0.0000e+00  0.0000e+00  0.0000e+00       0.0       0.0      0099
 -119.8637   35.1894 -1.0054e+01  7.1585e+00  0.0000e+00  0.0000e+00  0.0000e+00  0.0000e+00  0.0000e+00  0.0000e+00  0.0000e+00       0.0       0.0      0100
 -117.3979   34.2039  6.8434e+00 -5.1301e+00  0.0000e+00  0.0000e+00  0.0000e+00  0.0000e+00  0.0000e+00  0.0000e+00  0.0000e+00       0.0       0.0      0101
 -115.5214   33.2748  1.0482e+01 -8.1577e+00  0.0000e+00  0.0000e+00  0.0000e+00  0.0000e+00  0.0000e+00  0.0000e+00  0.0000e+00       0.0       0.0      0102
 -114.8273   33.0511  1.1525e+01 -9.0912e+00  0.0000e+00  0.0000e+00  0.0000e+00  0.0000e+00  0.0000e+00  0.0000e+00  0.0000e+00       0.0       0.0      0103
 -115.6602   34.7840  1.3007e+01 -1.0100e+01  0.0000e+00  0.0000e+00  0.0000e+00  0.0000e+00  0.0000e+00  0.0000e+00  0.0000e+00       0.0       0.0      0104
 -114.1894   34.3086  1.3026e+01 -1.0409e+01  0.0000e+00  0.0000e+00  0.0000e+00  0.0000e+00  0.0000e+00  0.0000e+00  0.0000e+00       0.0       0.0      0105
 -116.8892   35.4252  1.3064e+01 -9.8994e+00  0.0000e+00  0.0000e+00  0.0000e+00  0.0000e+00  0.0000e+00  0.0000e+00  0.0000e+00       0.0       0.0      0106
 -118.1129   34.0474 -1.0768e+01  7.9547e+00  0.0000e+00  0.0000e+00  0.0000e+00  0.0000e+00  0.0000e+00  0.0000e+00  0.0000e+00       0.0       0.0      0107
 -120.6821   34.4694 -1.3351e+01  9.3418e+00  0.0000e+00  0.0000e+00  0.0000e+00  0.0000e+00  0.0000e+00  0.0000e+00  0.0000e+00       0.0       0.0      0108
 -118.2858   33.7836 -1.2246e+01  9.0148e+00  0.0000e+00  0.0000e+00  0.0000e+00  0.0000e+00  0.0000e+00  0.0000e+00  0.0000e+00       0.0       0.0      0109
 -116.4301   34.7548  1.2770e+01 -9.7640e+00  0.0000e+00  0.0000e+00  0.0000e+00  0.0000e+00  0.0000e+00  0.0000e+00  0.0000e+00       0.0       0.0      0110
 -117.7995   34.7599  1.0976e+01 -8.1613e+00  0.0000e+00  0.0000e+00  0.0000e+00  0.0000e+00  0.0000e+00  0.0000e+00  0.0000e+00       0.0       0.0      0111
 -115.6353   33.7050  1.1937e+01 -9.2703e+00  0.0000e+00  0.0000e+00  0.0000e+00  0.0000e+00  0.0000e+00  0.0000e+00  0.0000e+00       0.0       0.0      0112
 -120.4795   35.8667 -4.5148e-01  3.1719e-01  0.0000e+00  0.0000e+00  0.0000e+00  0.0000e+00  0.0000e+00  0.0000e+00  0.0000e+00       0.0       0.0      0113
 -117.8452   34.4582  6.2401e+00 -4.6353e+00  0.0000e+00  0.0000e+00  0.0000e+00  0.0000e+00  0.0000e+00  0.0000e+00  0.0000e+00       0.0       0.0      0114
 -118.1682   33.9245 -1.1599e+01  8.5594e+00  0.0000e+00  0.0000e+00  0.0000e+00  0.0000e+00  0.0000e+00  0.0000e+00  0.0000e+00       0.0       0.0      0115
 -118.8212   37.6586  1.3587e+01 -9.9016e+00  0.0000e+00  0.0000e+00  0.0000e+00  0.0000e+00  0.0000e+00  0.0000e+00  0.0000e+00       0.0       0.0      0116
 -120.4024   35.8808  2.6748e+00 -1.8824e+00  0.0000e+00  0.0000e+00  0.0000e+00  0.0000e+00  0.0000e+00  0.0000e+00  0.0000e+00       0.0       0.0      0117
 -119.1875   34.4412 -1.2031e+01  8.6908e+00  0.0000e+00  0.0000e+00  0.0000e+00  0.0000e+00  0.0000e+00  0.0000e+00  0.0000e+00       0.0       0.0      0118
 -115.9114   34.7273  1.2926e+01 -9.9865e+00  0.0000e+00  0.0000e+00  0.0000e+00  0.0000e+00  0.0000e+00  0.0000e+00  0.0000e+00       0.0       0.0      0119
 -115.0318   32.7062  7.1728e+00 -5.6355e+00  0.0000e+00  0.0000e+00  0.0000e+00  0.0000e+00  0.0000e+00  0.0000e+00  0.0000e+00       0.0       0.0      0120
 -115.1451   34.1576  1.2808e+01 -1.0044e+01  0.0000e+00  0.0000e+00  0.0000e+00  0.0000e+00  0.0000e+00  0.0000e+00  0.0000e+00       0.0       0.0      0121
 -118.4743   35.6623  1.2565e+01 -9.2140e+00  0.0000e+00  0.0000e+00  0.0000e+00  0.0000e+00  0.0000e+00  0.0000e+00  0.0000e+00       0.0       0.0      0122
 -115.5068   32.8294 -3.1196e-01  2.4285e-01  0.0000e+00  0.0000e+00  0.0000e+00  0.0000e+00  0.0000e+00  0.0000e+00  0.0000e+00       0.0       0.0      0123
 -119.0847   37.7717  1.3606e+01 -9.8601e+00  0.0000e+00  0.0000e+00  0.0000e+00  0.0000e+00  0.0000e+00  0.0000e+00  0.0000e+00       0.0       0.0      0124
 -116.0990   36.4588  1.3384e+01 -1.0315e+01  0.0000e+00  0.0000e+00  0.0000e+00  0.0000e+00  0.0000e+00  0.0000e+00  0.0000e+00       0.0       0.0      0125
 -118.1732   34.2048 -9.6716e+00  7.1358e+00  0.0000e+00  0.0000e+00  0.0000e+00  0.0000e+00  0.0000e+00  0.0000e+00  0.0000e+00       0.0       0.0      0126
 -119.0082   34.3985 -1.1802e+01  8.5576e+00  0.0000e+00  0.0000e+00  0.0000e+00  0.0000e+00  0.0000e+00  0.0000e+00  0.0000e+00       0.0       0.0      0127
 -118.9792   37.6591  1.3585e+01 -9.8666e+00  0.0000e+00  0.0000e+00  0.0000e+00  0.0000e+00  0.0000e+00  0.0000e+00  0.0000e+00       0.0       0.0      0128
 -118.8805   37.7133  1.3597e+01 -9.8965e+00  0.0000e+00  0.0000e+00  0.0000e+00  0.0000e+00  0.0000e+00  0.0000e+00  0.0000e+00       0.0       0.0      0129
 -116.1734   33.9254  1.1641e+01 -8.9442e+00  0.0000e+00  0.0000e+00  0.0000e+00  0.0000e+00  0.0000e+00  0.0000e+00  0.0000e+00       0.0       0.0      0130
 -120.4733   35.8998  1.5581e+00 -1.0948e+00  0.0000e+00  0.0000e+00  0.0000e+00  0.0000e+00  0.0000e+00  0.0000e+00  0.0000e+00       0.0       0.0      0131
 -118.5746   34.1819 -1.1593e+01  8.4828e+00  0.0000e+00  0.0000e+00  0.0000e+00  0.0000e+00  0.0000e+00  0.0000e+00  0.0000e+00       0.0       0.0      0132
 -118.3065   33.9279 -1.1899e+01  8.7553e+00  0.0000e+00  0.0000e+00  0.0000e+00  0.0000e+00  0.0000e+00  0.0000e+00  0.0000e+00       0.0       0.0      0133
 -118.1372   33.8321 -1.1859e+01  8.7569e+00  0.0000e+00  0.0000e+00  0.0000e+00  0.0000e+00  0.0000e+00  0.0000e+00  0.0000e+00       0.0       0.0      0134
 -118.1732   33.7916 -1.2047e+01  8.8888e+00  0.0000e+00  0.0000e+00  0.0000e+00  0.0000e+00  0.0000e+00  0.0000e+00  0.0000e+00       0.0       0.0      0135
 -118.2033   33.7878 -1.2108e+01  8.9284e+00  0.0000e+00  0.0000e+00  0.0000e+00  0.0000e+00  0.0000e+00  0.0000e+00  0.0000e+00       0.0       0.0      0136
 -116.4328   34.2673  1.2124e+01 -9.2680e+00  0.0000e+00  0.0000e+00  0.0000e+00  0.0000e+00  0.0000e+00  0.0000e+00  0.0000e+00       0.0       0.0      0137
 -116.2091   34.6994  1.2815e+01 -9.8421e+00  0.0000e+00  0.0000e+00  0.0000e+00  0.0000e+00  0.0000e+00  0.0000e+00  0.0000e+00       0.0       0.0      0138
 -118.3218   34.1346 -1.1044e+01  8.1236e+00  0.0000e+00  0.0000e+00  0.0000e+00  0.0000e+00  0.0000e+00  0.0000e+00  0.0000e+00       0.0       0.0      0139
 -118.4128   34.0951 -1.1532e+01  8.4663e+00  0.0000e+00  0.0000e+00  0.0000e+00  0.0000e+00  0.0000e+00  0.0000e+00  0.0000e+00       0.0       0.0      0140
 -119.0173   37.6372  1.3580e+01 -9.8546e+00  0.0000e+00  0.0000e+00  0.0000e+00  0.0000e+00  0.0000e+00  0.0000e+00  0.0000e+00       0.0       0.0      0141
 -118.1392   34.6620  6.9685e+00 -5.1450e+00  0.0000e+00  0.0000e+00  0.0000e+00  0.0000e+00  0.0000e+00  0.0000e+00  0.0000e+00       0.0       0.0      0142
 -116.3082   36.7459  1.3424e+01 -1.0305e+01  0.0000e+00  0.0000e+00  0.0000e+00  0.0000e+00  0.0000e+00  0.0000e+00  0.0000e+00       0.0       0.0      0143
 -118.8677   34.8075 -5.9055e+00  4.2944e+00  0.0000e+00  0.0000e+00  0.0000e+00  0.0000e+00  0.0000e+00  0.0000e+00  0.0000e+00       0.0       0.0      0144
 -117.8350   34.4855  7.1905e+00 -5.3424e+00  0.0000e+00  0.0000e+00  0.0000e+00  0.0000e+00  0.0000e+00  0.0000e+00  0.0000e+00       0.0       0.0      0145
 -117.8379   34.5860  9.1153e+00 -6.7720e+00  0.0000e+00  0.0000e+00  0.0000e+00  0.0000e+00  0.0000e+00  0.0000e+00  0.0000e+00       0.0       0.0      0146
 -119.0579   36.3600  1.3029e+01 -9.4395e+00  0.0000e+00  0.0000e+00  0.0000e+00  0.0000e+00  0.0000e+00  0.0000e+00  0.0000e+00       0.0       0.0      0147
 -116.9397   35.0902  1.2833e+01 -9.7121e+00  0.0000e+00  0.0000e+00  0.0000e+00  0.0000e+00  0.0000e+00  0.0000e+00  0.0000e+00       0.0       0.0      0148
 -118.0034   34.1119 -9.5255e+00  7.0528e+00  0.0000e+00  0.0000e+00  0.0000e+00  0.0000e+00  0.0000e+00  0.0000e+00  0.0000e+00       0.0       0.0      0149
 -117.7541   34.1333 -5.8166e+00  4.3287e+00  0.0000e+00  0.0000e+00  0.0000e+00  0.0000e+00  0.0000e+00  0.0000e+00  0.0000e+00       0.0       0.0      0150
 -120.5943   35.8287 -5.4257e+00  3.8024e+00  0.0000e+00  0.0000e+00  0.0000e+00  0.0000e+00  0.0000e+00  0.0000e+00  0.0000e+00       0.0       0.0      0151
 -117.9567   34.0268 -1.0142e+01  7.5165e+00  0.0000e+00  0.0000e+00  0.0000e+00  0.0000e+00  0.0000e+00  0.0000e+00  0.0000e+00       0.0       0.0      0152
 -121.8652   37.2869  1.2158e+01 -8.2850e+00  0.0000e+00  0.0000e+00  0.0000e+00  0.0000e+00  0.0000e+00  0.0000e+00  0.0000e+00       0.0       0.0      0153
 -119.1037   34.7336 -1.0092e+01  7.3023e+00  0.0000e+00  0.0000e+00  0.0000e+00  0.0000e+00  0.0000e+00  0.0000e+00  0.0000e+00       0.0       0.0      0154
 -115.1913   36.1595  1.3326e+01 -1.0458e+01  0.0000e+00  0.0000e+00  0.0000e+00  0.0000e+00  0.0000e+00  0.0000e+00  0.0000e+00       0.0       0.0      0155
 -120.4431   35.8326 -1.1836e+00  8.3224e-01  0.0000e+00  0.0000e+00  0.0000e+00  0.0000e+00  0.0000e+00  0.0000e+00  0.0000e+00       0.0       0.0      0156
 -117.4367   33.8568 -7.9437e+00  5.9503e+00  0.0000e+00  0.0000e+00  0.0000e+00  0.0000e+00  0.0000e+00  0.0000e+00  0.0000e+00       0.0       0.0      0157
 -115.9790   36.6325  1.3402e+01 -1.0356e+01  0.0000e+00  0.0000e+00  0.0000e+00  0.0000e+00  0.0000e+00  0.0000e+00  0.0000e+00       0.0       0.0      0158
 -121.6426   37.3415  1.2619e+01 -8.6424e+00  0.0000e+00  0.0000e+00  0.0000e+00  0.0000e+00  0.0000e+00  0.0000e+00  0.0000e+00       0.0       0.0      0159
 -118.2441   33.9391 -1.1727e+01  8.6400e+00  0.0000e+00  0.0000e+00  0.0000e+00  0.0000e+00  0.0000e+00  0.0000e+00  0.0000e+00       0.0       0.0      0160
 -120.4588   35.9219  3.1230e+00 -2.1951e+00  0.0000e+00  0.0000e+00  0.0000e+00  0.0000e+00  0.0000e+00  0.0000e+00  0.0000e+00       0.0       0.0      0161
 -120.3514   34.0383 -1.3450e+01  9.4803e+00  0.0000e+00  0.0000e+00  0.0000e+00  0.0000e+00  0.0000e+00  0.0000e+00  0.0000e+00       0.0       0.0      0162
 -119.0609   37.6538  1.3583e+01 -9.8473e+00  0.0000e+00  0.0000e+00  0.0000e+00  0.0000e+00  0.0000e+00  0.0000e+00  0.0000e+00       0.0       0.0      0163
 -117.5505   33.7145 -1.0624e+01  7.9396e+00  0.0000e+00  0.0000e+00  0.0000e+00  0.0000e+00  0.0000e+00  0.0000e+00  0.0000e+00       0.0       0.0      0164
 -117.3180   33.9184 -3.6423e+00  2.7348e+00  0.0000e+00  0.0000e+00  0.0000e+00  0.0000e+00  0.0000e+00  0.0000e+00  0.0000e+00       0.0       0.0      0165
 -120.4341   35.9695  5.7501e+00 -4.0438e+00  0.0000e+00  0.0000e+00  0.0000e+00  0.0000e+00  0.0000e+00  0.0000e+00  0.0000e+00       0.0       0.0      0166
 -121.8669   37.4853  1.2686e+01 -8.6449e+00  0.0000e+00  0.0000e+00  0.0000e+00  0.0000e+00  0.0000e+00  0.0000e+00  0.0000e+00       0.0       0.0      0167
 -116.4223   32.8919 -1.1182e+01  8.5493e+00  0.0000e+00  0.0000e+00  0.0000e+00  0.0000e+00  0.0000e+00  0.0000e+00  0.0000e+00       0.0       0.0      0168
 -118.8780   34.2955 -1.1878e+01  8.6365e+00  0.0000e+00  0.0000e+00  0.0000e+00  0.0000e+00  0.0000e+00  0.0000e+00  0.0000e+00       0.0       0.0      0169
 -117.8817   34.1752 -6.9316e+00  5.1451e+00  0.0000e+00  0.0000e+00  0.0000e+00  0.0000e+00  0.0000e+00  0.0000e+00  0.0000e+00       0.0       0.0      0170
 -117.2101   34.2308  9.5022e+00 -7.1506e+00  0.0000e+00  0.0000e+00  0.0000e+00  0.0000e+00  0.0000e+00  0.0000e+00  0.0000e+00       0.0       0.0      0171
 -118.2455   34.0552 -1.1223e+01  8.2680e+00  0.0000e+00  0.0000e+00  0.0000e+00  0.0000e+00  0.0000e+00  0.0000e+00  0.0000e+00       0.0       0.0      0172
 -119.3093   37.1699  1.3431e+01 -9.6819e+00  0.0000e+00  0.0000e+00  0.0000e+00  0.0000e+00  0.0000e+00  0.0000e+00  0.0000e+00       0.0       0.0      0173
 -119.0960   34.2616 -1.2345e+01  8.9352e+00  0.0000e+00  0.0000e+00  0.0000e+00  0.0000e+00  0.0000e+00  0.0000e+00  0.0000e+00       0.0       0.0      0174
 -116.5253   33.2109 -9.1105e+00  6.9510e+00  0.0000e+00  0.0000e+00  0.0000e+00  0.0000e+00  0.0000e+00  0.0000e+00  0.0000e+00       0.0       0.0      0175
 -118.9447   37.6405  1.3582e+01 -9.8715e+00  0.0000e+00  0.0000e+00  0.0000e+00  0.0000e+00  0.0000e+00  0.0000e+00  0.0000e+00       0.0       0.0      0176
 -116.1482   34.5086  1.2683e+01 -9.7519e+00  0.0000e+00  0.0000e+00  0.0000e+00  0.0000e+00  0.0000e+00  0.0000e+00  0.0000e+00       0.0       0.0      0177
 -114.6186   34.7677  1.3111e+01 -1.0393e+01  0.0000e+00  0.0000e+00  0.0000e+00  0.0000e+00  0.0000e+00  0.0000e+00  0.0000e+00       0.0       0.0      0178
 -119.1413   34.4987 -1.1736e+01  8.4855e+00  0.0000e+00  0.0000e+00  0.0000e+00  0.0000e+00  0.0000e+00  0.0000e+00  0.0000e+00       0.0       0.0      0179
 -117.5696   33.9197 -8.3401e+00  6.2302e+00  0.0000e+00  0.0000e+00  0.0000e+00  0.0000e+00  0.0000e+00  0.0000e+00  0.0000e+00       0.0       0.0      0180
 -118.3480   33.9797 -1.1816e+01  8.6868e+00  0.0000e+00  0.0000e+00  0.0000e+00  0.0000e+00  0.0000e+00  0.0000e+00  0.0000e+00       0.0       0.0      0181
 -116.9727   32.5793 -1.2708e+01  9.6109e+00  0.0000e+00  0.0000e+00  0.0000e+00  0.0000e+00  0.0000e+00  0.0000e+00  0.0000e+00       0.0       0.0      0182
 -116.0677   34.1410  1.2285e+01 -9.4600e+00  0.0000e+00  0.0000e+00  0.0000e+00  0.0000e+00  0.0000e+00  0.0000e+00  0.0000e+00       0.0       0.0      0183
 -118.6014   34.3299 -1.0905e+01  7.9745e+00  0.0000e+00  0.0000e+00  0.0000e+00  0.0000e+00  0.0000e+00  0.0000e+00  0.0000e+00       0.0       0.0      0184
 -117.7441   33.7659 -1.1079e+01  8.2471e+00  0.0000e+00  0.0000e+00  0.0000e+00  0.0000e+00  0.0000e+00  0.0000e+00  0.0000e+00       0.0       0.0      0185
 -117.0418   33.1306 -1.1824e+01  8.9286e+00  0.0000e+00  0.0000e+00  0.0000e+00  0.0000e+00  0.0000e+00  0.0000e+00  0.0000e+00       0.0       0.0      0186
 -115.9181   34.3699  1.2669e+01 -9.7851e+00  0.0000e+00  0.0000e+00  0.0000e+00  0.0000e+00  0.0000e+00  0.0000e+00  0.0000e+00       0.0       0.0      0187
 -116.3055   34.4277  1.2502e+01 -9.5822e+00  0.0000e+00  0.0000e+00  0.0000e+00  0.0000e+00  0.0000e+00  0.0000e+00  0.0000e+00       0.0       0.0      0188
 -116.0834   34.3671  1.2576e+01 -9.6815e+00  0.0000e+00  0.0000e+00  0.0000e+00  0.0000e+00  0.0000e+00  0.0000e+00  0.0000e+00       0.0       0.0      0189
 -116.1495   34.4301  1.2605e+01 -9.6910e+00  0.0000e+00  0.0000e+00  0.0000e+00  0.0000e+00  0.0000e+00  0.0000e+00  0.0000e+00       0.0       0.0      0190
 -116.2923   34.5330  1.2631e+01 -9.6839e+00  0.0000e+00  0.0000e+00  0.0000e+00  0.0000e+00  0.0000e+00  0.0000e+00  0.0000e+00       0.0       0.0      0191
 -120.2786   34.7391 -1.2837e+01  9.0599e+00  0.0000e+00  0.0000e+00  0.0000e+00  0.0000e+00  0.0000e+00  0.0000e+00  0.0000e+00       0.0       0.0      0192
 -116.8151   34.6749  1.2450e+01 -9.4452e+00  0.0000e+00  0.0000e+00  0.0000e+00  0.0000e+00  0.0000e+00  0.0000e+00  0.0000e+00       0.0       0.0      0193
 -119.1419   34.3274 -1.2261e+01  8.8656e+00  0.0000e+00  0.0000e+00  0.0000e+00  0.0000e+00  0.0000e+00  0.0000e+00  0.0000e+00       0.0       0.0      0194
 -118.2073   34.1288 -1.0602e+01  7.8169e+00  0.0000e+00  0.0000e+00  0.0000e+00  0.0000e+00  0.0000e+00  0.0000e+00  0.0000e+00       0.0       0.0      0195
 -119.3534   34.6834 -1.1502e+01  8.2795e+00  0.0000e+00  0.0000e+00  0.0000e+00  0.0000e+00  0.0000e+00  0.0000e+00  0.0000e+00       0.0       0.0      0196
 -114.0050   32.7225  1.1986e+01 -9.6049e+00  0.0000e+00  0.0000e+00  0.0000e+00  0.0000e+00  0.0000e+00  0.0000e+00  0.0000e+00       0.0       0.0      0197
 -119.0629   36.0274  1.2646e+01 -9.1597e+00  0.0000e+00  0.0000e+00  0.0000e+00  0.0000e+00  0.0000e+00  0.0000e+00  0.0000e+00       0.0       0.0      0198
 -116.1698   32.6165 -1.1610e+01  8.9216e+00  0.0000e+00  0.0000e+00  0.0000e+00  0.0000e+00  0.0000e+00  0.0000e+00  0.0000e+00       0.0       0.0      0199
 -121.0030   35.5517 -1.1999e+01  8.3346e+00  0.0000e+00  0.0000e+00  0.0000e+00  0.0000e+00  0.0000e+00  0.0000e+00  0.0000e+00       0.0       0.0      0200
 -121.7925   36.4855 -5.9305e+00  4.0477e+00  0.0000e+00  0.0000e+00  0.0000e+00  0.0000e+00  0.0000e+00  0.0000e+00  0.0000e+00       0.0       0.0      0201
 -121.7318   36.8161  8.9704e+00 -6.1308e+00  0.0000e+00  0.0000e+00  0.0000e+00  0.0000e+00  0.0000e+00  0.0000e+00  0.0000e+00       0.0       0.0      0202
 -121.9908   37.2017  1.1486e+01 -7.8047e+00  0.0000e+00  0.0000e+00  0.0000e+00  0.0000e+00  0.0000e+00  0.0000e+00  0.0000e+00       0.0       0.0      0203
 -121.6506   37.1045  1.1889e+01 -8.1407e+00  0.0000e+00  0.0000e+00  0.0000e+00  0.0000e+00  0.0000e+00  0.0000e+00  0.0000e+00       0.0       0.0      0204
 -121.7140   37.2035  1.2140e+01 -8.3012e+00  0.0000e+00  0.0000e+00  0.0000e+00  0.0000e+00  0.0000e+00  0.0000e+00  0.0000e+00       0.0       0.0      0205
 -121.6869   37.6018  1.3023e+01 -8.9111e+00  0.0000e+00  0.0000e+00  0.0000e+00  0.0000e+00  0.0000e+00  0.0000e+00  0.0000e+00       0.0       0.0      0206
 -121.9780   37.7494  1.3037e+01 -8.8629e+00  0.0000e+00  0.0000e+00  0.0000e+00  0.0000e+00  0.0000e+00  0.0000e+00  0.0000e+00       0.0       0.0      0207
 -121.7864   37.8190  1.3220e+01 -9.0263e+00  0.0000e+00  0.0000e+00  0.0000e+00  0.0000e+00  0.0000e+00  0.0000e+00  0.0000e+00       0.0       0.0      0208
 -121.5545   36.9035  1.1062e+01 -7.5904e+00  0.0000e+00  0.0000e+00  0.0000e+00  0.0000e+00  0.0000e+00  0.0000e+00  0.0000e+00       0.0       0.0      0209
 -121.5420   37.0078  1.1713e+01 -8.0394e+00  0.0000e+00  0.0000e+00  0.0000e+00  0.0000e+00  0.0000e+00  0.0000e+00  0.0000e+00       0.0       0.0      0210
 -121.4632   36.9539  1.1655e+01 -8.0134e+00  0.0000e+00  0.0000e+00  0.0000e+00  0.0000e+00  0.0000e+00  0.0000e+00  0.0000e+00       0.0       0.0      0211
 -121.3545   37.0108  1.2124e+01 -8.3561e+00  0.0000e+00  0.0000e+00  0.0000e+00  0.0000e+00  0.0000e+00  0.0000e+00  0.0000e+00       0.0       0.0      0212
 -121.0644   36.6116  1.0866e+01 -7.5371e+00  0.0000e+00  0.0000e+00  0.0000e+00  0.0000e+00  0.0000e+00  0.0000e+00  0.0000e+00       0.0       0.0      0213
 -121.0577   37.1696  1.2839e+01 -8.9085e+00  0.0000e+00  0.0000e+00  0.0000e+00  0.0000e+00  0.0000e+00  0.0000e+00  0.0000e+00       0.0       0.0      0214
 -121.6048   37.9320  1.3382e+01 -9.1747e+00  0.0000e+00  0.0000e+00  0.0000e+00  0.0000e+00  0.0000e+00  0.0000e+00  0.0000e+00       0.0       0.0      0215
 -121.4640   37.7553  1.3291e+01 -9.1403e+00  0.0000e+00  0.0000e+00  0.0000e+00  0.0000e+00  0.0000e+00  0.0000e+00  0.0000e+00       0.0       0.0      0216
 -121.1006   37.4330  1.3143e+01 -9.1114e+00  0.0000e+00  0.0000e+00  0.0000e+00  0.0000e+00  0.0000e+00  0.0000e+00  0.0000e+00       0.0       0.0      0217
 -121.0608   35.7112 -1.1429e+01  7.9287e+00  0.0000e+00  0.0000e+00  0.0000e+00  0.0000e+00  0.0000e+00  0.0000e+00  0.0000e+00       0.0       0.0      0218
 -120.3895   35.8411  9.6448e-01 -6.7894e-01  0.0000e+00  0.0000e+00  0.0000e+00  0.0000e+00  0.0000e+00  0.0000e+00  0.0000e+00       0.0       0.0      0219
 -120.3452   35.8378  2.1413e+00 -1.5088e+00  0.0000e+00  0.0000e+00  0.0000e+00  0.0000e+00  0.0000e+00  0.0000e+00  0.0000e+00       0.0       0.0      0220
 -120.2853   35.8067  2.3037e+00 -1.6253e+00  0.0000e+00  0.0000e+00  0.0000e+00  0.0000e+00  0.0000e+00  0.0000e+00  0.0000e+00       0.0       0.0      0221
 -120.9068   35.9333 -7.6800e+00  5.3456e+00  0.0000e+00  0.0000e+00  0.0000e+00  0.0000e+00  0.0000e+00  0.0000e+00  0.0000e+00       0.0       0.0      0222
 -120.6978   36.0248  1.4327e+00 -1.0018e+00  0.0000e+00  0.0000e+00  0.0000e+00  0.0000e+00  0.0000e+00  0.0000e+00  0.0000e+00       0.0       0.0      0223
 -120.8424   35.6971 -1.0652e+01  7.4251e+00  0.0000e+00  0.0000e+00  0.0000e+00  0.0000e+00  0.0000e+00  0.0000e+00  0.0000e+00       0.0       0.0      0224
 -120.5519   35.9741  3.0896e+00 -2.1672e+00  0.0000e+00  0.0000e+00  0.0000e+00  0.0000e+00  0.0000e+00  0.0000e+00  0.0000e+00       0.0       0.0      0225
 -120.2770   36.3044  1.1621e+01 -8.2008e+00  0.0000e+00  0.0000e+00  0.0000e+00  0.0000e+00  0.0000e+00  0.0000e+00  0.0000e+00       0.0       0.0      0226
 -120.7431   36.8063  1.2451e+01 -8.6982e+00  0.0000e+00  0.0000e+00  0.0000e+00  0.0000e+00  0.0000e+00  0.0000e+00  0.0000e+00       0.0       0.0      0227
 -120.6186   36.6347  1.2167e+01 -8.5227e+00  0.0000e+00  0.0000e+00  0.0000e+00  0.0000e+00  0.0000e+00  0.0000e+00  0.0000e+00       0.0       0.0      0228
 -120.7053   37.0544  1.2922e+01 -9.0358e+00  0.0000e+00  0.0000e+00  0.0000e+00  0.0000e+00  0.0000e+00  0.0000e+00  0.0000e+00       0.0       0.0      0229
 -120.3566   36.7390  1.2713e+01 -8.9565e+00  0.0000e+00  0.0000e+00  0.0000e+00  0.0000e+00  0.0000e+00  0.0000e+00  0.0000e+00       0.0       0.0      0230
 -120.1968   37.3522  1.3371e+01 -9.4555e+00  0.0000e+00  0.0000e+00  0.0000e+00  0.0000e+00  0.0000e+00  0.0000e+00  0.0000e+00       0.0       0.0      0231
 -120.0579   36.9473  1.3135e+01 -9.3150e+00  0.0000e+00  0.0000e+00  0.0000e+00  0.0000e+00  0.0000e+00  0.0000e+00  0.0000e+00       0.0       0.0      0232
 -117.3939   34.4624  1.0626e+01 -7.9665e+00  0.0000e+00  0.0000e+00  0.0000e+00  0.0000e+00  0.0000e+00  0.0000e+00  0.0000e+00       0.0       0.0      0233
 -117.5409   33.5621 -1.1443e+01  8.5537e+00  0.0000e+00  0.0000e+00  0.0000e+00  0.0000e+00  0.0000e+00  0.0000e+00  0.0000e+00       0.0       0.0      0234
 -117.1047   32.8892 -1.2435e+01  9.3789e+00  0.0000e+00  0.0000e+00  0.0000e+00  0.0000e+00  0.0000e+00  0.0000e+00  0.0000e+00       0.0       0.0      0235
 -116.9495   32.7338 -1.2504e+01  9.4607e+00  0.0000e+00  0.0000e+00  0.0000e+00  0.0000e+00  0.0000e+00  0.0000e+00  0.0000e+00       0.0       0.0      0236
 -117.2487   33.3552 -1.1518e+01  8.6609e+00  0.0000e+00  0.0000e+00  0.0000e+00  0.0000e+00  0.0000e+00  0.0000e+00  0.0000e+00       0.0       0.0      0237
 -117.1897   33.4396 -1.0922e+01  8.2226e+00  0.0000e+00  0.0000e+00  0.0000e+00  0.0000e+00  0.0000e+00  0.0000e+00  0.0000e+00       0.0       0.0      0238
 -117.1134   33.5028 -1.0079e+01  7.5994e+00  0.0000e+00  0.0000e+00  0.0000e+00  0.0000e+00  0.0000e+00  0.0000e+00  0.0000e+00       0.0       0.0      0239
 -117.0716   33.2357 -1.1534e+01  8.7042e+00  0.0000e+00  0.0000e+00  0.0000e+00  0.0000e+00  0.0000e+00  0.0000e+00  0.0000e+00       0.0       0.0      0240
 -116.7829   33.4933 -6.7887e+00  5.1528e+00  0.0000e+00  0.0000e+00  0.0000e+00  0.0000e+00  0.0000e+00  0.0000e+00  0.0000e+00       0.0       0.0      0241
 -116.3485   32.9760 -1.0372e+01  7.9412e+00  0.0000e+00  0.0000e+00  0.0000e+00  0.0000e+00  0.0000e+00  0.0000e+00  0.0000e+00       0.0       0.0      0242
 -116.6714   33.2402 -9.8801e+00  7.5161e+00  0.0000e+00  0.0000e+00  0.0000e+00  0.0000e+00  0.0000e+00  0.0000e+00  0.0000e+00       0.0       0.0      0243
 -116.5693   33.0592 -1.0795e+01  8.2294e+00  0.0000e+00  0.0000e+00  0.0000e+00  0.0000e+00  0.0000e+00  0.0000e+00  0.0000e+00       0.0       0.0      0244
 -116.6208   33.3756 -7.1678e+00  5.4582e+00  0.0000e+00  0.0000e+00  0.0000e+00  0.0000e+00  0.0000e+00  0.0000e+00  0.0000e+00       0.0       0.0      0245
 -116.3223   33.2602 -4.8132e+00  3.6871e+00  0.0000e+00  0.0000e+00  0.0000e+00  0.0000e+00  0.0000e+00  0.0000e+00  0.0000e+00       0.0       0.0      0246
 -116.2268   33.5747  8.9567e+00 -6.8743e+00  0.0000e+00  0.0000e+00  0.0000e+00  0.0000e+00  0.0000e+00  0.0000e+00  0.0000e+00       0.0       0.0      0247
 -115.7321   32.7597 -8.0737e+00  6.2574e+00  0.0000e+00  0.0000e+00  0.0000e+00  0.0000e+00  0.0000e+00  0.0000e+00  0.0000e+00       0.0       0.0      0248
 -115.6284   33.0450  5.7286e+00 -4.4488e+00  0.0000e+00  0.0000e+00  0.0000e+00  0.0000e+00  0.0000e+00  0.0000e+00  0.0000e+00       0.0       0.0      0249
 -115.5959   32.7506 -6.1331e+00  4.7660e+00  0.0000e+00  0.0000e+00  0.0000e+00  0.0000e+00  0.0000e+00  0.0000e+00  0.0000e+00       0.0       0.0      0250
 -115.5770   32.8347 -2.3439e+00  1.8221e+00  0.0000e+00  0.0000e+00  0.0000e+00  0.0000e+00  0.0000e+00  0.0000e+00  0.0000e+00       0.0       0.0      0251
 -115.5696   32.8984  1.1206e+00 -8.7126e-01  0.0000e+00  0.0000e+00  0.0000e+00  0.0000e+00  0.0000e+00  0.0000e+00  0.0000e+00       0.0       0.0      0252
 -115.4879   32.9796  6.5152e+00 -5.0736e+00  0.0000e+00  0.0000e+00  0.0000e+00  0.0000e+00  0.0000e+00  0.0000e+00  0.0000e+00       0.0       0.0      0253
 -115.2999   32.6900 -5.0001e-01  3.9081e-01  0.0000e+00  0.0000e+00  0.0000e+00  0.0000e+00  0.0000e+00  0.0000e+00  0.0000e+00       0.0       0.0      0254
 -115.3979   32.8758  5.0794e+00 -3.9625e+00  0.0000e+00  0.0000e+00  0.0000e+00  0.0000e+00  0.0000e+00  0.0000e+00  0.0000e+00       0.0       0.0      0255
 -115.4219   32.9825  7.6406e+00 -5.9577e+00  0.0000e+00  0.0000e+00  0.0000e+00  0.0000e+00  0.0000e+00  0.0000e+00  0.0000e+00       0.0       0.0      0256
 -115.7658   33.5164  1.1002e+01 -8.5218e+00  0.0000e+00  0.0000e+00  0.0000e+00  0.0000e+00  0.0000e+00  0.0000e+00  0.0000e+00       0.0       0.0      0257
 -115.5102   33.0814  8.4317e+00 -6.5633e+00  0.0000e+00  0.0000e+00  0.0000e+00  0.0000e+00  0.0000e+00  0.0000e+00  0.0000e+00       0.0       0.0      0258
 -115.6124   33.2000  9.2091e+00 -7.1542e+00  0.0000e+00  0.0000e+00  0.0000e+00  0.0000e+00  0.0000e+00  0.0000e+00  0.0000e+00       0.0       0.0      0259
 -115.4287   33.2478  1.0694e+01 -8.3380e+00  0.0000e+00  0.0000e+00  0.0000e+00  0.0000e+00  0.0000e+00  0.0000e+00  0.0000e+00       0.0       0.0      0260
 -115.2939   32.8907  7.4602e+00 -5.8316e+00  0.0000e+00  0.0000e+00  0.0000e+00  0.0000e+00  0.0000e+00  0.0000e+00  0.0000e+00       0.0       0.0      0261
 -115.3433   33.1436  1.0360e+01 -8.0905e+00  0.0000e+00  0.0000e+00  0.0000e+00  0.0000e+00  0.0000e+00  0.0000e+00  0.0000e+00       0.0       0.0      0262
 -115.2961   33.8869  1.2530e+01 -9.7964e+00  0.0000e+00  0.0000e+00  0.0000e+00  0.0000e+00  0.0000e+00  0.0000e+00  0.0000e+00       0.0       0.0      0263
 -120.8697   35.6360 -1.1220e+01  7.8160e+00  0.0000e+00  0.0000e+00  0.0000e+00  0.0000e+00  0.0000e+00  0.0000e+00  0.0000e+00       0.0       0.0      0264
 -120.4804   35.6248 -9.0145e+00  6.3332e+00  0.0000e+00  0.0000e+00  0.0000e+00  0.0000e+00  0.0000e+00  0.0000e+00  0.0000e+00       0.0       0.0      0265
 -120.2670   35.6338 -5.7104e+00  4.0305e+00  0.0000e+00  0.0000e+00  0.0000e+00  0.0000e+00  0.0000e+00  0.0000e+00  0.0000e+00       0.0       0.0      0266
 -120.1820   35.7027 -1.1443e-01  8.0915e-02  0.0000e+00  0.0000e+00  0.0000e+00  0.0000e+00  0.0000e+00  0.0000e+00  0.0000e+00       0.0       0.0      0267
 -120.0007   35.6867  4.3679e+00 -3.1007e+00  0.0000e+00  0.0000e+00  0.0000e+00  0.0000e+00  0.0000e+00  0.0000e+00  0.0000e+00       0.0       0.0      0268
 -119.7380   35.7313  9.4402e+00 -6.7394e+00  0.0000e+00  0.0000e+00  0.0000e+00  0.0000e+00  0.0000e+00  0.0000e+00  0.0000e+00       0.0       0.0      0269
 -119.9094   35.9347  1.0591e+01 -7.5335e+00  0.0000e+00  0.0000e+00  0.0000e+00  0.0000e+00  0.0000e+00  0.0000e+00  0.0000e+00       0.0       0.0      0270
 -118.8790   34.8351 -5.1540e+00  3.7471e+00  0.0000e+00  0.0000e+00  0.0000e+00  0.0000e+00  0.0000e+00  0.0000e+00  0.0000e+00       0.0       0.0      0271
 -118.5455   34.7711  1.5088e+00 -1.1046e+00  0.0000e+00  0.0000e+00  0.0000e+00  0.0000e+00  0.0000e+00  0.0000e+00  0.0000e+00       0.0       0.0      0272
 -118.6556   34.9444  6.1308e+00 -4.4781e+00  0.0000e+00  0.0000e+00  0.0000e+00  0.0000e+00  0.0000e+00  0.0000e+00  0.0000e+00       0.0       0.0      0273
 -118.6176   34.8389  2.7525e+00 -2.0121e+00  0.0000e+00  0.0000e+00  0.0000e+00  0.0000e+00  0.0000e+00  0.0000e+00  0.0000e+00       0.0       0.0      0274
 -118.5409   34.8218  4.0899e+00 -2.9946e+00  0.0000e+00  0.0000e+00  0.0000e+00  0.0000e+00  0.0000e+00  0.0000e+00  0.0000e+00       0.0       0.0      0275
 -118.3991   34.6185 -1.9034e+00  1.3978e+00  0.0000e+00  0.0000e+00  0.0000e+00  0.0000e+00  0.0000e+00  0.0000e+00  0.0000e+00       0.0       0.0      0276
 -118.1887   34.9821  1.0919e+01 -8.0537e+00  0.0000e+00  0.0000e+00  0.0000e+00  0.0000e+00  0.0000e+00  0.0000e+00  0.0000e+00       0.0       0.0      0277
 -119.4212   35.4187  6.8086e+00 -4.8936e+00  0.0000e+00  0.0000e+00  0.0000e+00  0.0000e+00  0.0000e+00  0.0000e+00  0.0000e+00       0.0       0.0      0278
 -119.2366   35.7439  1.1706e+01 -8.4466e+00  0.0000e+00  0.0000e+00  0.0000e+00  0.0000e+00  0.0000e+00  0.0000e+00  0.0000e+00       0.0       0.0      0279
 -119.2293   36.3245  1.2917e+01 -9.3234e+00  0.0000e+00  0.0000e+00  0.0000e+00  0.0000e+00  0.0000e+00  0.0000e+00  0.0000e+00       0.0       0.0      0280
 -118.7536   35.4209  1.1503e+01 -8.3854e+00  0.0000e+00  0.0000e+00  0.0000e+00  0.0000e+00  0.0000e+00  0.0000e+00  0.0000e+00       0.0       0.0      0281
 -118.7667   36.2314  1.3037e+01 -9.5029e+00  0.0000e+00  0.0000e+00  0.0000e+00  0.0000e+00  0.0000e+00  0.0000e+00  0.0000e+00       0.0       0.0      0282
 -120.9700   35.6697 -1.1367e+01  7.9010e+00  0.0000e+00  0.0000e+00  0.0000e+00  0.0000e+00  0.0000e+00  0.0000e+00  0.0000e+00       0.0       0.0      0283
 -117.3189   34.3046  9.5849e+00 -7.1969e+00  0.0000e+00  0.0000e+00  0.0000e+00  0.0000e+00  0.0000e+00  0.0000e+00  0.0000e+00       0.0       0.0      0284
 -117.7290   34.5097  8.9645e+00 -6.6749e+00  0.0000e+00  0.0000e+00  0.0000e+00  0.0000e+00  0.0000e+00  0.0000e+00  0.0000e+00       0.0       0.0      0285
 -117.5434   34.9870  1.2282e+01 -9.1806e+00  0.0000e+00  0.0000e+00  0.0000e+00  0.0000e+00  0.0000e+00  0.0000e+00  0.0000e+00       0.0       0.0      0286
 -116.9516   33.8926  5.8346e+00 -4.4136e+00  0.0000e+00  0.0000e+00  0.0000e+00  0.0000e+00  0.0000e+00  0.0000e+00  0.0000e+00       0.0       0.0      0287
 -117.2805   34.5348  1.1412e+01 -8.5759e+00  0.0000e+00  0.0000e+00  0.0000e+00  0.0000e+00  0.0000e+00  0.0000e+00  0.0000e+00       0.0       0.0      0288
 -117.2676   34.7854  1.2192e+01 -9.1645e+00  0.0000e+00  0.0000e+00  0.0000e+00  0.0000e+00  0.0000e+00  0.0000e+00  0.0000e+00       0.0       0.0      0289
 -117.1102   34.6207  1.2023e+01 -9.0668e+00  0.0000e+00  0.0000e+00  0.0000e+00  0.0000e+00  0.0000e+00  0.0000e+00  0.0000e+00       0.0       0.0      0290
 -118.0165   35.1524  1.2042e+01 -8.9142e+00  0.0000e+00  0.0000e+00  0.0000e+00  0.0000e+00  0.0000e+00  0.0000e+00  0.0000e+00       0.0       0.0      0291
 -117.3901   35.8967  1.3189e+01 -9.8938e+00  0.0000e+00  0.0000e+00  0.0000e+00  0.0000e+00  0.0000e+00  0.0000e+00  0.0000e+00       0.0       0.0      0292
 -117.4028   35.6976  1.3092e+01 -9.8171e+00  0.0000e+00  0.0000e+00  0.0000e+00  0.0000e+00  0.0000e+00  0.0000e+00  0.0000e+00       0.0       0.0      0293
 -116.2119   33.8658  1.1333e+01 -8.7010e+00  0.0000e+00  0.0000e+00  0.0000e+00  0.0000e+00  0.0000e+00  0.0000e+00  0.0000e+00       0.0       0.0      0294
 -116.8796   34.4621  1.1965e+01 -9.0650e+00  0.0000e+00  0.0000e+00  0.0000e+00  0.0000e+00  0.0000e+00  0.0000e+00  0.0000e+00       0.0       0.0      0295
 -117.3155   34.1874  7.6956e+00 -5.7787e+00  0.0000e+00  0.0000e+00  0.0000e+00  0.0000e+00  0.0000e+00  0.0000e+00  0.0000e+00       0.0       0.0      0296
 -116.1039   35.1419  1.3081e+01 -1.0070e+01  0.0000e+00  0.0000e+00  0.0000e+00  0.0000e+00  0.0000e+00  0.0000e+00  0.0000e+00       0.0       0.0      0297
 -115.5439   35.4728  1.3225e+01 -1.0298e+01  0.0000e+00  0.0000e+00  0.0000e+00  0.0000e+00  0.0000e+00  0.0000e+00  0.0000e+00       0.0       0.0      0298
 -115.3659   35.1630  1.3163e+01 -1.0284e+01  0.0000e+00  0.0000e+00  0.0000e+00  0.0000e+00  0.0000e+00  0.0000e+00  0.0000e+00       0.0       0.0      0299
 -114.5994   34.1889  1.2942e+01 -1.0259e+01  0.0000e+00  0.0000e+00  0.0000e+00  0.0000e+00  0.0000e+00  0.0000e+00  0.0000e+00       0.0       0.0      0300
 -115.2383   35.2911  1.3198e+01 -1.0338e+01  0.0000e+00  0.0000e+00  0.0000e+00  0.0000e+00  0.0000e+00  0.0000e+00  0.0000e+00       0.0       0.0      0301
 -117.9226   34.5082  6.3258e+00 -4.6914e+00  0.0000e+00  0.0000e+00  0.0000e+00  0.0000e+00  0.0000e+00  0.0000e+00  0.0000e+00       0.0       0.0      0302
 -116.6864   36.9018  1.3453e+01 -1.0248e+01  0.0000e+00  0.0000e+00  0.0000e+00  0.0000e+00  0.0000e+00  0.0000e+00  0.0000e+00       0.0       0.0      0303
 -117.6945   34.9254  1.1927e+01 -8.8877e+00  0.0000e+00  0.0000e+00  0.0000e+00  0.0000e+00  0.0000e+00  0.0000e+00  0.0000e+00       0.0       0.0      0304
 -116.4582   33.6122  6.7562e+00 -5.1616e+00  0.0000e+00  0.0000e+00  0.0000e+00  0.0000e+00  0.0000e+00  0.0000e+00  0.0000e+00       0.0       0.0      0305
 -116.4576   33.6121  6.7638e+00 -5.1675e+00  0.0000e+00  0.0000e+00  0.0000e+00  0.0000e+00  0.0000e+00  0.0000e+00  0.0000e+00       0.0       0.0      0306
 -120.5416   35.9452  1.9090e+00 -1.3394e+00  0.0000e+00  0.0000e+00  0.0000e+00  0.0000e+00  0.0000e+00  0.0000e+00  0.0000e+00       0.0       0.0      0307
 -118.2329   34.0716 -1.1089e+01  8.1714e+00  0.0000e+00  0.0000e+00  0.0000e+00  0.0000e+00  0.0000e+00  0.0000e+00  0.0000e+00       0.0       0.0      0308
 -117.2430   32.6654 -1.2815e+01  9.6396e+00  0.0000e+00  0.0000e+00  0.0000e+00  0.0000e+00  0.0000e+00  0.0000e+00  0.0000e+00       0.0       0.0      0309
 -118.1537   33.9026 -1.1649e+01  8.5987e+00  0.0000e+00  0.0000e+00  0.0000e+00  0.0000e+00  0.0000e+00  0.0000e+00  0.0000e+00       0.0       0.0      0310
 -116.8595   33.3572 -9.9178e+00  7.5164e+00  0.0000e+00  0.0000e+00  0.0000e+00  0.0000e+00  0.0000e+00  0.0000e+00  0.0000e+00       0.0       0.0      0311
 -119.0569   37.8314  1.3617e+01 -9.8748e+00  0.0000e+00  0.0000e+00  0.0000e+00  0.0000e+00  0.0000e+00  0.0000e+00  0.0000e+00       0.0       0.0      0312
 -116.1198   36.5796  1.3400e+01 -1.0324e+01  0.0000e+00  0.0000e+00  0.0000e+00  0.0000e+00  0.0000e+00  0.0000e+00  0.0000e+00       0.0       0.0      0313
 -120.4784   35.9199  2.4627e+00 -1.7302e+00  0.0000e+00  0.0000e+00  0.0000e+00  0.0000e+00  0.0000e+00  0.0000e+00  0.0000e+00       0.0       0.0      0314
 -117.1821   33.8357 -3.5434e+00  2.6679e+00  0.0000e+00  0.0000e+00  0.0000e+00  0.0000e+00  0.0000e+00  0.0000e+00  0.0000e+00       0.0       0.0      0315
 -116.4940   33.8192  9.8771e+00 -7.5406e+00  0.0000e+00  0.0000e+00  0.0000e+00  0.0000e+00  0.0000e+00  0.0000e+00  0.0000e+00       0.0       0.0      0316
 -117.8071   34.0918 -7.8417e+00  5.8296e+00  0.0000e+00  0.0000e+00  0.0000e+00  0.0000e+00  0.0000e+00  0.0000e+00  0.0000e+00       0.0       0.0      0317
 -118.4043   33.7433 -1.2478e+01  9.1638e+00  0.0000e+00  0.0000e+00  0.0000e+00  0.0000e+00  0.0000e+00  0.0000e+00  0.0000e+00       0.0       0.0      0318
 -118.3722   33.7795 -1.2373e+01  9.0920e+00  0.0000e+00  0.0000e+00  0.0000e+00  0.0000e+00  0.0000e+00  0.0000e+00  0.0000e+00       0.0       0.0      0319
 -118.3206   33.7739 -1.2316e+01  9.0598e+00  0.0000e+00  0.0000e+00  0.0000e+00  0.0000e+00  0.0000e+00  0.0000e+00  0.0000e+00       0.0       0.0      0320
 -118.2448   34.6287  3.4394e+00 -2.5338e+00  0.0000e+00  0.0000e+00  0.0000e+00  0.0000e+00  0.0000e+00  0.0000e+00  0.0000e+00       0.0       0.0      0321
 -116.9172   33.0422 -1.1841e+01  8.9640e+00  0.0000e+00  0.0000e+00  0.0000e+00  0.0000e+00  0.0000e+00  0.0000e+00  0.0000e+00       0.0       0.0      0322
 -117.6833   35.3387  1.2698e+01 -9.4658e+00  0.0000e+00  0.0000e+00  0.0000e+00  0.0000e+00  0.0000e+00  0.0000e+00  0.0000e+00       0.0       0.0      0323
 -119.7200   34.5000 -1.2653e+01  9.0377e+00  0.0000e+00  0.0000e+00  0.0000e+00  0.0000e+00  0.0000e+00  0.0000e+00  0.0000e+00       0.0       0.0      0324
 -116.6247   34.6439  1.2551e+01 -9.5584e+00  0.0000e+00  0.0000e+00  0.0000e+00  0.0000e+00  0.0000e+00  0.0000e+00  0.0000e+00       0.0       0.0      0325
 -118.8979   37.6771  1.3590e+01 -9.8874e+00  0.0000e+00  0.0000e+00  0.0000e+00  0.0000e+00  0.0000e+00  0.0000e+00  0.0000e+00       0.0       0.0      0326
 -116.5543   36.7154  1.3426e+01 -1.0254e+01  0.0000e+00  0.0000e+00  0.0000e+00  0.0000e+00  0.0000e+00  0.0000e+00  0.0000e+00       0.0       0.0      0327
 -116.4683   36.8404  1.3440e+01 -1.0284e+01  0.0000e+00  0.0000e+00  0.0000e+00  0.0000e+00  0.0000e+00  0.0000e+00  0.0000e+00       0.0       0.0      0328
 -118.0262   34.0190 -1.0580e+01  7.8301e+00  0.0000e+00  0.0000e+00  0.0000e+00  0.0000e+00  0.0000e+00  0.0000e+00  0.0000e+00       0.0       0.0      0329
 -120.5248   35.9000 -3.5613e-02  2.4996e-02  0.0000e+00  0.0000e+00  0.0000e+00  0.0000e+00  0.0000e+00  0.0000e+00  0.0000e+00       0.0       0.0      0330
 -116.6098   33.6110  3.2322e+00 -2.4619e+00  0.0000e+00  0.0000e+00  0.0000e+00  0.0000e+00  0.0000e+00  0.0000e+00  0.0000e+00       0.0       0.0      0331
 -118.6764   34.2357 -1.1633e+01  8.4942e+00  0.0000e+00  0.0000e+00  0.0000e+00  0.0000e+00  0.0000e+00  0.0000e+00  0.0000e+00       0.0       0.0      0332
 -117.0855   36.2179  1.3326e+01 -1.0062e+01  0.0000e+00  0.0000e+00  0.0000e+00  0.0000e+00  0.0000e+00  0.0000e+00  0.0000e+00       0.0       0.0      0333
 -118.1929   34.8751  1.0034e+01 -7.4002e+00  0.0000e+00  0.0000e+00  0.0000e+00  0.0000e+00  0.0000e+00  0.0000e+00  0.0000e+00       0.0       0.0      0334
 -119.1844   34.5415 -1.1671e+01  8.4310e+00  0.0000e+00  0.0000e+00  0.0000e+00  0.0000e+00  0.0000e+00  0.0000e+00  0.0000e+00       0.0       0.0      0335
 -117.3533   34.0891  3.7575e+00 -2.8194e+00  0.0000e+00  0.0000e+00  0.0000e+00  0.0000e+00  0.0000e+00  0.0000e+00  0.0000e+00       0.0       0.0      0336
 -116.6501   36.3163  1.3363e+01 -1.0182e+01  0.0000e+00  0.0000e+00  0.0000e+00  0.0000e+00  0.0000e+00  0.0000e+00  0.0000e+00       0.0       0.0      0337
 -121.5583   37.6665  1.3169e+01 -9.0372e+00  0.0000e+00  0.0000e+00  0.0000e+00  0.0000e+00  0.0000e+00  0.0000e+00  0.0000e+00       0.0       0.0      0338
 -117.8956   33.7432 -1.1630e+01  8.6303e+00  0.0000e+00  0.0000e+00  0.0000e+00  0.0000e+00  0.0000e+00  0.0000e+00  0.0000e+00       0.0       0.0      0339
 -121.4472   36.7653  1.0374e+01 -7.1352e+00  0.0000e+00  0.0000e+00  0.0000e+00  0.0000e+00  0.0000e+00  0.0000e+00  0.0000e+00       0.0       0.0      0340
 -118.9532   37.6899  1.3592e+01 -9.8771e+00  0.0000e+00  0.0000e+00  0.0000e+00  0.0000e+00  0.0000e+00  0.0000e+00  0.0000e+00       0.0       0.0      0341
 -117.6615   33.5530 -1.1771e+01  8.7770e+00  0.0000e+00  0.0000e+00  0.0000e+00  0.0000e+00  0.0000e+00  0.0000e+00  0.0000e+00       0.0       0.0      0342
 -117.3883   34.6074  1.1447e+01 -8.5830e+00  0.0000e+00  0.0000e+00  0.0000e+00  0.0000e+00  0.0000e+00  0.0000e+00  0.0000e+00       0.0       0.0      0343
 -118.4879   32.9144 -1.3272e+01  9.7334e+00  0.0000e+00  0.0000e+00  0.0000e+00  0.0000e+00  0.0000e+00  0.0000e+00  0.0000e+00       0.0       0.0      0344
 -117.6346   33.4441 -1.2038e+01  8.9815e+00  0.0000e+00  0.0000e+00  0.0000e+00  0.0000e+00  0.0000e+00  0.0000e+00  0.0000e+00       0.0       0.0      0345
 -116.2789   34.2550  1.2270e+01 -9.4090e+00  0.0000e+00  0.0000e+00  0.0000e+00  0.0000e+00  0.0000e+00  0.0000e+00  0.0000e+00       0.0       0.0      0346
 -118.7545   34.4598 -1.0648e+01  7.7615e+00  0.0000e+00  0.0000e+00  0.0000e+00  0.0000e+00  0.0000e+00  0.0000e+00  0.0000e+00       0.0       0.0      0347
 -117.8617   34.2056 -5.6114e+00  4.1668e+00  0.0000e+00  0.0000e+00  0.0000e+00  0.0000e+00  0.0000e+00  0.0000e+00  0.0000e+00       0.0       0.0      0348
 -118.1090   34.0886 -1.0436e+01  7.7098e+00  0.0000e+00  0.0000e+00  0.0000e+00  0.0000e+00  0.0000e+00  0.0000e+00  0.0000e+00       0.0       0.0      0349
 -116.6957   33.9125  9.5149e+00 -7.2348e+00  0.0000e+00  0.0000e+00  0.0000e+00  0.0000e+00  0.0000e+00  0.0000e+00  0.0000e+00       0.0       0.0      0350
 -116.2990   35.9713  1.3304e+01 -1.0207e+01  0.0000e+00  0.0000e+00  0.0000e+00  0.0000e+00  0.0000e+00  0.0000e+00  0.0000e+00       0.0       0.0      0351
 -116.0156   34.6243  1.2831e+01 -9.8921e+00  0.0000e+00  0.0000e+00  0.0000e+00  0.0000e+00  0.0000e+00  0.0000e+00  0.0000e+00       0.0       0.0      0352
 -118.2639   34.1029 -1.1018e+01  8.1142e+00  0.0000e+00  0.0000e+00  0.0000e+00  0.0000e+00  0.0000e+00  0.0000e+00  0.0000e+00       0.0       0.0      0353
 -117.2504   32.8647 -1.2610e+01  9.4834e+00  0.0000e+00  0.0000e+00  0.0000e+00  0.0000e+00  0.0000e+00  0.0000e+00  0.0000e+00       0.0       0.0      0354
 -117.2497   32.8407 -1.2639e+01  9.5051e+00  0.0000e+00  0.0000e+00  0.0000e+00  0.0000e+00  0.0000e+00  0.0000e+00  0.0000e+00       0.0       0.0      0355
 -116.2106   36.7305  1.3420e+01 -1.0322e+01  0.0000e+00  0.0000e+00  0.0000e+00  0.0000e+00  0.0000e+00  0.0000e+00  0.0000e+00       0.0       0.0      0356
 -115.9778   33.2922  6.3863e+00 -4.9257e+00  0.0000e+00  0.0000e+00  0.0000e+00  0.0000e+00  0.0000e+00  0.0000e+00  0.0000e+00       0.0       0.0      0357
 -115.5875   36.3196  1.3356e+01 -1.0399e+01  0.0000e+00  0.0000e+00  0.0000e+00  0.0000e+00  0.0000e+00  0.0000e+00  0.0000e+00       0.0       0.0      0358
 -117.9286   33.9273 -1.0801e+01  8.0097e+00  0.0000e+00  0.0000e+00  0.0000e+00  0.0000e+00  0.0000e+00  0.0000e+00  0.0000e+00       0.0       0.0      0359
 -119.5244   33.2479 -1.3490e+01  9.6805e+00  0.0000e+00  0.0000e+00  0.0000e+00  0.0000e+00  0.0000e+00  0.0000e+00  0.0000e+00       0.0       0.0      0360
 -121.9255   37.1664  1.1481e+01 -7.8129e+00  0.0000e+00  0.0000e+00  0.0000e+00  0.0000e+00  0.0000e+00  0.0000e+00  0.0000e+00       0.0       0.0      0361
 -119.0643   34.3199 -1.2156e+01  8.8038e+00  0.0000e+00  0.0000e+00  0.0000e+00  0.0000e+00  0.0000e+00  0.0000e+00  0.0000e+00       0.0       0.0      0362
 -118.6462   34.0593 -1.2142e+01  8.8718e+00  0.0000e+00  0.0000e+00  0.0000e+00  0.0000e+00  0.0000e+00  0.0000e+00  0.0000e+00       0.0       0.0      0363
 -117.8488   33.9927 -9.8010e+00  7.2799e+00  0.0000e+00  0.0000e+00  0.0000e+00  0.0000e+00  0.0000e+00  0.0000e+00  0.0000e+00       0.0       0.0      0364
 -120.0652   34.0043 -1.3354e+01  9.4705e+00  0.0000e+00  0.0000e+00  0.0000e+00  0.0000e+00  0.0000e+00  0.0000e+00  0.0000e+00       0.0       0.0      0365
 -116.3378   36.6446  1.3413e+01 -1.0288e+01  0.0000e+00  0.0000e+00  0.0000e+00  0.0000e+00  0.0000e+00  0.0000e+00  0.0000e+00       0.0       0.0      0366
 -117.6783   34.3818  6.9856e+00 -5.2068e+00  0.0000e+00  0.0000e+00  0.0000e+00  0.0000e+00  0.0000e+00  0.0000e+00  0.0000e+00       0.0       0.0      0367
 -116.5743   36.9316  1.3453e+01 -1.0272e+01  0.0000e+00  0.0000e+00  0.0000e+00  0.0000e+00  0.0000e+00  0.0000e+00  0.0000e+00       0.0       0.0      0368
 -120.3603   35.9174  5.3747e+00 -3.7859e+00  0.0000e+00  0.0000e+00  0.0000e+00  0.0000e+00  0.0000e+00  0.0000e+00  0.0000e+00       0.0       0.0      0369
 -121.9355   37.3515  1.2252e+01 -8.3362e+00  0.0000e+00  0.0000e+00  0.0000e+00  0.0000e+00  0.0000e+00  0.0000e+00  0.0000e+00       0.0       0.0      0370
 -118.4146   35.1582  1.1175e+01 -8.2040e+00  0.0000e+00  0.0000e+00  0.0000e+00  0.0000e+00  0.0000e+00  0.0000e+00  0.0000e+00       0.0       0.0      0371
 -118.8629   37.6189  1.3579e+01 -9.8865e+00  0.0000e+00  0.0000e+00  0.0000e+00  0.0000e+00  0.0000e+00  0.0000e+00  0.0000e+00       0.0       0.0      0372
 -116.2297   36.9348  1.3442e+01 -1.0337e+01  0.0000e+00  0.0000e+00  0.0000e+00  0.0000e+00  0.0000e+00  0.0000e+00  0.0000e+00       0.0       0.0      0373
 -120.1326   34.4835 -1.3029e+01  9.2247e+00  0.0000e+00  0.0000e+00  0.0000e+00  0.0000e+00  0.0000e+00  0.0000e+00  0.0000e+00       0.0       0.0      0374
 -116.1605   33.6412  1.0173e+01 -7.8186e+00  0.0000e+00  0.0000e+00  0.0000e+00  0.0000e+00  0.0000e+00  0.0000e+00  0.0000e+00       0.0       0.0      0375
 -118.3306   33.7978 -1.2279e+01  9.0308e+00  0.0000e+00  0.0000e+00  0.0000e+00  0.0000e+00  0.0000e+00  0.0000e+00  0.0000e+00       0.0       0.0      0376
 -118.8367   34.2480 -1.1949e+01  8.6952e+00  0.0000e+00  0.0000e+00  0.0000e+00  0.0000e+00  0.0000e+00  0.0000e+00  0.0000e+00       0.0       0.0      0377
 -117.8034   33.6179 -1.1857e+01  8.8159e+00  0.0000e+00  0.0000e+00  0.0000e+00  0.0000e+00  0.0000e+00  0.0000e+00  0.0000e+00       0.0       0.0      0378
 -116.5305   34.8386  1.2797e+01 -9.7649e+00  0.0000e+00  0.0000e+00  0.0000e+00  0.0000e+00  0.0000e+00  0.0000e+00  0.0000e+00       0.0       0.0      0379
 -117.7255   33.9725 -9.0763e+00  6.7587e+00  0.0000e+00  0.0000e+00  0.0000e+00  0.0000e+00  0.0000e+00  0.0000e+00  0.0000e+00       0.0       0.0      0380
 -118.4419   34.0691 -1.1709e+01  8.5914e+00  0.0000e+00  0.0000e+00  0.0000e+00  0.0000e+00  0.0000e+00  0.0000e+00  0.0000e+00       0.0       0.0      0381
 -119.8438   34.4133 -1.2891e+01  9.1836e+00  0.0000e+00  0.0000e+00  0.0000e+00  0.0000e+00  0.0000e+00  0.0000e+00  0.0000e+00       0.0       0.0      0382
 -118.2851   34.0239 -1.1492e+01  8.4599e+00  0.0000e+00  0.0000e+00  0.0000e+00  0.0000e+00  0.0000e+00  0.0000e+00  0.0000e+00       0.0       0.0      0383
 -116.0853   33.0301 -7.2003e+00  5.5417e+00  0.0000e+00  0.0000e+00  0.0000e+00  0.0000e+00  0.0000e+00  0.0000e+00  0.0000e+00       0.0       0.0      0384
 -120.6611   35.3118 -1.2125e+01  8.4859e+00  0.0000e+00  0.0000e+00  0.0000e+00  0.0000e+00  0.0000e+00  0.0000e+00  0.0000e+00       0.0       0.0      0385
 -120.5635   34.8266 -1.2965e+01  9.0935e+00  0.0000e+00  0.0000e+00  0.0000e+00  0.0000e+00  0.0000e+00  0.0000e+00  0.0000e+00       0.0       0.0      0386
 -119.4839   34.8515 -1.1006e+01  7.9004e+00  0.0000e+00  0.0000e+00  0.0000e+00  0.0000e+00  0.0000e+00  0.0000e+00  0.0000e+00       0.0       0.0      0387
 -118.2200   34.1786 -1.0249e+01  7.5548e+00  0.0000e+00  0.0000e+00  0.0000e+00  0.0000e+00  0.0000e+00  0.0000e+00  0.0000e+00       0.0       0.0      0388
 -118.5144   34.1264 -1.1664e+01  8.5458e+00  0.0000e+00  0.0000e+00  0.0000e+00  0.0000e+00  0.0000e+00  0.0000e+00  0.0000e+00       0.0       0.0      0389
 -119.2377   34.2758 -1.2501e+01  9.0209e+00  0.0000e+00  0.0000e+00  0.0000e+00  0.0000e+00  0.0000e+00  0.0000e+00  0.0000e+00       0.0       0.0      0390
 -118.4845   34.2932 -1.0655e+01  7.8108e+00  0.0000e+00  0.0000e+00  0.0000e+00  0.0000e+00  0.0000e+00  0.0000e+00  0.0000e+00       0.0       0.0      0391
 -120.6164   34.5563 -1.3258e+01  9.2897e+00  0.0000e+00  0.0000e+00  0.0000e+00  0.0000e+00  0.0000e+00  0.0000e+00  0.0000e+00       0.0       0.0      0392
 -118.1212   34.5015  8.2655e-01 -6.1049e-01  0.0000e+00  0.0000e+00  0.0000e+00  0.0000e+00  0.0000e+00  0.0000e+00  0.0000e+00       0.0       0.0      0393
 -118.2938   33.7126 -1.2402e+01  9.1284e+00  0.0000e+00  0.0000e+00  0.0000e+00  0.0000e+00  0.0000e+00  0.0000e+00  0.0000e+00       0.0       0.0      0394
 -117.9920   34.0309 -1.0306e+01  7.6328e+00  0.0000e+00  0.0000e+00  0.0000e+00  0.0000e+00  0.0000e+00  0.0000e+00  0.0000e+00       0.0       0.0      0395
 -118.6539   37.6643  1.3589e+01 -9.9385e+00  0.0000e+00  0.0000e+00  0.0000e+00  0.0000e+00  0.0000e+00  0.0000e+00  0.0000e+00       0.0       0.0      0396
 -117.9111   34.0619 -9.4341e+00  6.9984e+00  0.0000e+00  0.0000e+00  0.0000e+00  0.0000e+00  0.0000e+00  0.0000e+00  0.0000e+00       0.0       0.0      0397
 -118.9837   35.0108  3.2623e-01 -2.3665e-01  0.0000e+00  0.0000e+00  0.0000e+00  0.0000e+00  0.0000e+00  0.0000e+00  0.0000e+00       0.0       0.0      0398
 -118.0312   33.9799 -1.0878e+01  8.0500e+00  0.0000e+00  0.0000e+00  0.0000e+00  0.0000e+00  0.0000e+00  0.0000e+00  0.0000e+00       0.0       0.0      0399
 -117.6435   33.6745 -1.1226e+01  8.3734e+00  0.0000e+00  0.0000e+00  0.0000e+00  0.0000e+00  0.0000e+00  0.0000e+00  0.0000e+00       0.0       0.0      0400
 -116.3918   33.9348  1.1142e+01 -8.5237e+00  0.0000e+00  0.0000e+00  0.0000e+00  0.0000e+00  0.0000e+00  0.0000e+00  0.0000e+00       0.0       0.0      0401
 -118.7415   34.5685 -9.4629e+00  6.8997e+00  0.0000e+00  0.0000e+00  0.0000e+00  0.0000e+00  0.0000e+00  0.0000e+00  0.0000e+00       0.0       0.0      0402
 -118.0559   34.2261 -8.2357e+00  6.0911e+00  0.0000e+00  0.0000e+00  0.0000e+00  0.0000e+00  0.0000e+00  0.0000e+00  0.0000e+00       0.0       0.0      0403
 -118.4143   34.2594 -1.0582e+01  7.7687e+00  0.0000e+00  0.0000e+00  0.0000e+00  0.0000e+00  0.0000e+00  0.0000e+00  0.0000e+00       0.0       0.0      0404
 -118.0593   34.0432 -1.0553e+01  7.8043e+00  0.0000e+00  0.0000e+00  0.0000e+00  0.0000e+00  0.0000e+00  0.0000e+00  0.0000e+00       0.0       0.0      0405
 -116.9317   34.6690  1.2336e+01 -9.3367e+00  0.0000e+00  0.0000e+00  0.0000e+00  0.0000e+00  0.0000e+00  0.0000e+00  0.0000e+00       0.0       0.0      0406
 -118.4276   33.9582 -1.2038e+01  8.8358e+00  0.0000e+00  0.0000e+00  0.0000e+00  0.0000e+00  0.0000e+00  0.0000e+00  0.0000e+00       0.0       0.0      0407
 -116.6539   33.9553  1.0215e+01 -7.7737e+00  0.0000e+00  0.0000e+00  0.0000e+00  0.0000e+00  0.0000e+00  0.0000e+00  0.0000e+00       0.0       0.0      0408
