       lon       lat          ve          vn          vu          se          sn          su         ren         reu         rnu     start    finish      name
 -117.0932   34.1164 -1.2012e+00  3.0958e+00 -1.7970e-03  5.0000e-02  5.0000e-02  5.0000e-02  0.0000e+00  0.0000e+00  0.0000e+00       0.0       0.0      0001
 -116.4294   34.5943 -1.4887e+00 -8.5702e-01 -5.4089e-02  5.0000e-02  5.0000e-02  5.0000e-02  0.0000e+00  0.0000e+00  0.0000e+00       0.0       0.0      0002
 -115.1585   37.3580  1.2387e+00 -1.8463e+00 -1.0251e-01  5.0000e-02  5.0000e-02  5.0000e-02  0.0000e+00  0.0000e+00  0.0000e+00       0.0       0.0      0003
 -118.6948   34.8245 -1.1925e+00  9.0411e-01  1.2254e-01  5.0000e-02  5.0000e-02  5.0000e-02  0.0000e+00  0.0000e+00  0.0000e+00       0.0       0.0      0004
 -119.3635   34.0150 -9.6774e-01 -4.9677e-01  2.6947e-02  5.0000e-02  5.0000e-02  5.0000e-02  0.0000e+00  0.0000e+00  0.0000e+00       0.0       0.0      0005
 -118.8303   34.1574 -1.2618e+00  2.2014e-01  4.5678e-02  5.0000e-02  5.0000e-02  5.0000e-02  0.0000e+00  0.0000e+00  0.0000e+00       0.0       0.0      0006
 -114.9318   36.3191  3.1434e-01 -1.9803e+00 -2.4444e-02  5.0000e-02  5.0000e-02  5.0000e-02  0.0000e+00  0.0000e+00  0.0000e+00       0.0       0.0      0007
 -117.5219   36.0500  4.9168e-02  2.4053e-02  1.8426e-02  5.0000e-02  5.0000e-02  5.0000e-02  0.0000e+00  0.0000e+00  0.0000e+00       0.0       0.0      0008
 -118.9104   35.2013 -7.6708e-01  1.1747e+00 -2.8537e-02  5.0000e-02  5.0000e-02  5.0000e-02  0.0000e+00  0.0000e+00  0.0000e+00       0.0       0.0      0009
 -117.1540   34.4683 -1.5384e+00 -2.5329e-01 -4.1287e-02  5.0000e-02  5.0000e-02  5.0000e-02  0.0000e+00  0.0000e+00  0.0000e+00       0.0       0.0      0010
 -116.6297   33.5401 -3.7656e-02  3.7801e+00  8.0649e-02  5.0000e-02  5.0000e-02  5.0000e-02  0.0000e+00  0.0000e+00  0.0000e+00       0.0       0.0      0011
 -117.8965   34.1260 -1.2966e+00  1.7992e+00  2.2784e-02  5.0000e-02  5.0000e-02  5.0000e-02  0.0000e+00  0.0000e+00  0.0000e+00       0.0       0.0      0012
 -118.9014   37.7834  1.7354e+00  1.0467e+00 -3.3633e-02  5.0000e-02  5.0000e-02  5.0000e-02  0.0000e+00  0.0000e+00  0.0000e+00       0.0       0.0      0013
 -119.0297   33.4804  2.6457e-02 -8.3392e-03 -2.6340e-02  5.0000e-02  5.0000e-02  5.0000e-02  0.0000e+00  0.0000e+00  0.0000e+00       0.0       0.0      0014
 -119.9815   34.5822 -2.0606e+00 -1.5601e+00 -5.6724e-02  5.0000e-02  5.0000e-02  5.0000e-02  0.0000e+00  0.0000e+00  0.0000e+00       0.0       0.0      0015
 -116.8842   34.2643 -1.6986e+00 -5.6034e-01 -2.1078e-02  5.0000e-02  5.0000e-02  5.0000e-02  0.0000e+00  0.0000e+00  0.0000e+00       0.0       0.0      0016
 -119.4058   34.9205 -2.7038e+00 -6.9995e-01 -3.8411e-02  5.0000e-02  5.0000e-02  5.0000e-02  0.0000e+00  0.0000e+00  0.0000e+00       0.0       0.0      0017
 -116.6211   37.0399  1.1012e+00 -6.3462e-01  8.3327e-02  5.0000e-02  5.0000e-02  5.0000e-02  0.0000e+00  0.0000e+00  0.0000e+00       0.0       0.0      0018
 -115.9982   34.0005 -1.9196e+00 -1.1993e+00  9.3723e-04  5.0000e-02  5.0000e-02  5.0000e-02  0.0000e+00  0.0000e+00  0.0000e+00       0.0       0.0      0019
 -118.0741   35.8784 -1.4588e-01  3.7799e-01 -3.4825e-02  5.0000e-02  5.0000e-02  5.0000e-02  0.0000e+00  0.0000e+00  0.0000e+00       0.0       0.0      0020
 -118.1597   33.9671 -8.5880e-01  1.2607e+00  5.1904e-04  5.0000e-02  5.0000e-02  5.0000e-02  0.0000e+00  0.0000e+00  0.0000e+00       0.0       0.0      0021
 -117.0646   33.5782 -9.2292e-02  3.1434e+00 -3.4803e-02  5.0000e-02  5.0000e-02  5.0000e-02  0.0000e+00  0.0000e+00  0.0000e+00       0.0       0.0      0022
 -116.0804   35.2870 -8.3828e-01 -1.0439e+00 -2.4645e-02  5.0000e-02  5.0000e-02  5.0000e-02  0.0000e+00  0.0000e+00  0.0000e+00       0.0       0.0      0023
 -118.0947   33.9623 -9.2935e-01  1.3958e+00  4.2346e-02  5.0000e-02  5.0000e-02  5.0000e-02  0.0000e+00  0.0000e+00  0.0000e+00       0.0       0.0      0024
 -119.1095   35.1324 -8.2398e-01  1.2572e+00  6.5196e-02  5.0000e-02  5.0000e-02  5.0000e-02  0.0000e+00  0.0000e+00  0.0000e+00       0.0       0.0      0025
 -118.0287   33.7995 -5.3979e-01  1.5496e+00 -7.3856e-02  5.0000e-02  5.0000e-02  5.0000e-02  0.0000e+00  0.0000e+00  0.0000e+00       0.0       0.0      0026
 -114.7148   33.6104 -2.2803e+00 -2.1444e+00 -2.2366e-02  5.0000e-02  5.0000e-02  5.0000e-02  0.0000e+00  0.0000e+00  0.0000e+00       0.0       0.0      0027
 -116.0530   34.2514 -1.7682e+00 -1.1790e+00 -2.2175e-02  5.0000e-02  5.0000e-02  5.0000e-02  0.0000e+00  0.0000e+00  0.0000e+00       0.0       0.0      0028
 -116.9847   33.9627 -9.0049e-01  3.2511e+00 -7.5023e-02  5.0000e-02  5.0000e-02  5.0000e-02  0.0000e+00  0.0000e+00  0.0000e+00       0.0       0.0      0029
 -118.2770   34.1849 -1.3256e+00  1.1598e+00 -5.7040e-02  5.0000e-02  5.0000e-02  5.0000e-02  0.0000e+00  0.0000e+00  0.0000e+00       0.0       0.0      0030
 -118.5768   34.6823 -2.2484e+00  6.7696e-01 -1.4621e-02  5.0000e-02  5.0000e-02  5.0000e-02  0.0000e+00  0.0000e+00  0.0000e+00       0.0       0.0      0031
 -117.0120   34.9186 -1.0804e+00 -3.4371e-01  3.7494e-02  5.0000e-02  5.0000e-02  5.0000e-02  0.0000e+00  0.0000e+00  0.0000e+00       0.0       0.0      0032
 -118.1882   34.2928 -1.5281e+00  1.3787e+00 -2.6033e-02  5.0000e-02  5.0000e-02  5.0000e-02  0.0000e+00  0.0000e+00  0.0000e+00       0.0       0.0      0033
 -116.8717   36.9176  9.3245e-01 -5.3311e-01  5.8936e-02  5.0000e-02  5.0000e-02  5.0000e-02  0.0000e+00  0.0000e+00  0.0000e+00       0.0       0.0      0034
 -116.4509   36.7453  7.6598e-01 -8.3917e-01 -3.9590e-02  5.0000e-02  5.0000e-02  5.0000e-02  0.0000e+00  0.0000e+00  0.0000e+00       0.0       0.0      0035
 -119.3475   35.1573 -8.3387e-01  1.4198e+00  6.9952e-03  5.0000e-02  5.0000e-02  5.0000e-02  0.0000e+00  0.0000e+00  0.0000e+00       0.0       0.0      0036
 -115.9899   33.6551 -2.1955e+00 -1.2277e+00 -2.4522e-02  5.0000e-02  5.0000e-02  5.0000e-02  0.0000e+00  0.0000e+00  0.0000e+00       0.0       0.0      0037
 -120.4337   35.9394 -1.1212e-01  2.2653e+00  5.7358e-02  5.0000e-02  5.0000e-02  5.0000e-02  0.0000e+00  0.0000e+00  0.0000e+00       0.0       0.0      0038
 -120.4308   35.8884 -4.6529e+00 -2.3497e+00  2.8816e-03  5.0000e-02  5.0000e-02  5.0000e-02  0.0000e+00  0.0000e+00  0.0000e+00       0.0       0.0      0039
 -118.8967   37.6446  1.5660e+00  1.0622e+00 -1.1292e-02  5.0000e-02  5.0000e-02  5.0000e-02  0.0000e+00  0.0000e+00  0.0000e+00       0.0       0.0      0040
 -118.4830   33.4458  1.1832e-01  8.9231e-01 -4.8492e-02  5.0000e-02  5.0000e-02  5.0000e-02  0.0000e+00  0.0000e+00  0.0000e+00       0.0       0.0      0041
 -118.3338   33.3116  4.0104e-01  1.0639e+00 -1.3960e-02  5.0000e-02  5.0000e-02  5.0000e-02  0.0000e+00  0.0000e+00  0.0000e+00       0.0       0.0      0042
 -118.6298   34.1386 -1.2985e+00  6.3921e-01 -8.4407e-02  5.0000e-02  5.0000e-02  5.0000e-02  0.0000e+00  0.0000e+00  0.0000e+00       0.0       0.0      0043
 -117.6712   35.5653 -3.7922e-01  1.0028e-01  3.7598e-02  5.0000e-02  5.0000e-02  5.0000e-02  0.0000e+00  0.0000e+00  0.0000e+00       0.0       0.0      0044
 -118.2112   33.8763 -7.6196e-01  1.3599e+00  4.9605e-02  5.0000e-02  5.0000e-02  5.0000e-02  0.0000e+00  0.0000e+00  0.0000e+00       0.0       0.0      0045
 -117.8649   33.8627 -7.1430e-01  1.9186e+00 -4.0727e-02  5.0000e-02  5.0000e-02  5.0000e-02  0.0000e+00  0.0000e+00  0.0000e+00       0.0       0.0      0046
 -119.0135   34.8064 -2.5433e+00 -1.5482e-03  7.8153e-02  5.0000e-02  5.0000e-02  5.0000e-02  0.0000e+00  0.0000e+00  0.0000e+00       0.0       0.0      0047
 -116.3359   34.8295 -1.0659e+00 -8.9827e-01 -3.4028e-03  5.0000e-02  5.0000e-02  5.0000e-02  0.0000e+00  0.0000e+00  0.0000e+00       0.0       0.0      0048
 -117.9649   34.2440 -1.4186e+00  1.6697e+00  3.9904e-02  5.0000e-02  5.0000e-02  5.0000e-02  0.0000e+00  0.0000e+00  0.0000e+00       0.0       0.0      0049
 -118.0260   34.3334 -1.6382e+00  1.5943e+00  3.7417e-02  5.0000e-02  5.0000e-02  5.0000e-02  0.0000e+00  0.0000e+00  0.0000e+00       0.0       0.0      0050
 -116.7655   36.7465  7.6924e-01 -6.1647e-01  4.8420e-02  5.0000e-02  5.0000e-02  5.0000e-02  0.0000e+00  0.0000e+00  0.0000e+00       0.0       0.0      0051
 -117.8277   34.6405 -1.3402e+00  2.7382e-01 -5.6361e-02  5.0000e-02  5.0000e-02  5.0000e-02  0.0000e+00  0.0000e+00  0.0000e+00       0.0       0.0      0052
 -118.9373   34.1096 -1.2410e+00  7.6785e-02  4.3629e-02  5.0000e-02  5.0000e-02  5.0000e-02  0.0000e+00  0.0000e+00  0.0000e+00       0.0       0.0      0053
 -118.1273   34.1367 -1.3005e+00  1.3939e+00  2.8052e-02  5.0000e-02  5.0000e-02  5.0000e-02  0.0000e+00  0.0000e+00  0.0000e+00       0.0       0.0      0054
 -117.4794   34.3138 -1.4478e+00  2.4102e+00 -1.0584e-01  5.0000e-02  5.0000e-02  5.0000e-02  0.0000e+00  0.0000e+00  0.0000e+00       0.0       0.0      0055
 -117.7088   34.1099 -1.1111e+00  2.0737e+00  1.4303e-02  5.0000e-02  5.0000e-02  5.0000e-02  0.0000e+00  0.0000e+00  0.0000e+00       0.0       0.0      0056
 -118.4114   34.3532 -1.6012e+00  9.3327e-01 -4.8300e-02  5.0000e-02  5.0000e-02  5.0000e-02  0.0000e+00  0.0000e+00  0.0000e+00       0.0       0.0      0057
 -121.2785   37.8964  1.7806e+00  2.9770e+00  2.4720e-02  5.0000e-02  5.0000e-02  5.0000e-02  0.0000e+00  0.0000e+00  0.0000e+00       0.0       0.0      0058
 -117.6089   33.8576 -7.2817e-01  2.2243e+00 -3.8605e-02  5.0000e-02  5.0000e-02  5.0000e-02  0.0000e+00  0.0000e+00  0.0000e+00       0.0       0.0      0059
 -119.8795   34.4149 -1.7501e+00 -1.3927e+00  1.3736e-02  5.0000e-02  5.0000e-02  5.0000e-02  0.0000e+00  0.0000e+00  0.0000e+00       0.0       0.0      0060
 -117.8089   35.9823  4.2585e-02  2.4886e-01  3.5299e-02  5.0000e-02  5.0000e-02  5.0000e-02  0.0000e+00  0.0000e+00  0.0000e+00       0.0       0.0      0061
 -116.3869   33.7325 -2.9906e-01  4.2630e+00  1.0814e-01  5.0000e-02  5.0000e-02  5.0000e-02  0.0000e+00  0.0000e+00  0.0000e+00       0.0       0.0      0062
 -117.5730   35.0717 -8.0505e-01  5.0997e-02  8.7498e-02  5.0000e-02  5.0000e-02  5.0000e-02  0.0000e+00  0.0000e+00  0.0000e+00       0.0       0.0      0063
 -116.5693   36.8077  7.2923e-01 -7.3132e-01  2.7831e-02  5.0000e-02  5.0000e-02  5.0000e-02  0.0000e+00  0.0000e+00  0.0000e+00       0.0       0.0      0064
 -120.7508   35.7916 -4.2687e+00 -2.7847e+00 -2.5350e-02  5.0000e-02  5.0000e-02  5.0000e-02  0.0000e+00  0.0000e+00  0.0000e+00       0.0       0.0      0065
 -117.0997   34.0391 -9.8637e-01  3.0428e+00  3.6191e-02  5.0000e-02  5.0000e-02  5.0000e-02  0.0000e+00  0.0000e+00  0.0000e+00       0.0       0.0      0066
 -118.2728   33.8235 -5.9167e-01  1.1325e+00  5.0651e-02  5.0000e-02  5.0000e-02  5.0000e-02  0.0000e+00  0.0000e+00  0.0000e+00       0.0       0.0      0067
 -115.7350   33.0698  8.9410e-01  5.2981e+00  4.6769e-02  5.0000e-02  5.0000e-02  5.0000e-02  0.0000e+00  0.0000e+00  0.0000e+00       0.0       0.0      0068
 -119.7848   34.0293 -1.0631e+00 -1.2148e+00  4.1314e-05  5.0000e-02  5.0000e-02  5.0000e-02  0.0000e+00  0.0000e+00  0.0000e+00       0.0       0.0      0069
 -119.0390   34.1684 -1.3332e+00 -6.4497e-02  1.5136e-03  5.0000e-02  5.0000e-02  5.0000e-02  0.0000e+00  0.0000e+00  0.0000e+00       0.0       0.0      0070
 -118.2567   33.8615 -6.7793e-01  1.1007e+00 -3.7776e-02  5.0000e-02  5.0000e-02  5.0000e-02  0.0000e+00  0.0000e+00  0.0000e+00       0.0       0.0      0071
 -118.5238   34.2535 -1.4555e+00  7.5931e-01  5.2234e-02  5.0000e-02  5.0000e-02  5.0000e-02  0.0000e+00  0.0000e+00  0.0000e+00       0.0       0.0      0072
 -119.3712   34.4081 -1.7950e+00 -5.9624e-01  3.2000e-03  5.0000e-02  5.0000e-02  5.0000e-02  0.0000e+00  0.0000e+00  0.0000e+00       0.0       0.0      0073
 -118.6132   34.5165 -1.9780e+00  6.5116e-01  1.7409e-02  5.0000e-02  5.0000e-02  5.0000e-02  0.0000e+00  0.0000e+00  0.0000e+00       0.0       0.0      0074
 -116.3704   34.1241 -1.7720e+00 -8.2834e-01 -9.4166e-03  5.0000e-02  5.0000e-02  5.0000e-02  0.0000e+00  0.0000e+00  0.0000e+00       0.0       0.0      0075
 -119.6739   34.9426 -2.7941e+00 -1.1651e+00  7.1666e-02  5.0000e-02  5.0000e-02  5.0000e-02  0.0000e+00  0.0000e+00  0.0000e+00       0.0       0.0      0076
 -117.9017   34.0820 -1.2017e+00  1.7783e+00 -1.4322e-02  5.0000e-02  5.0000e-02  5.0000e-02  0.0000e+00  0.0000e+00  0.0000e+00       0.0       0.0      0077
 -118.3969   34.3348 -1.6179e+00  1.0335e+00  5.9958e-02  5.0000e-02  5.0000e-02  5.0000e-02  0.0000e+00  0.0000e+00  0.0000e+00       0.0       0.0      0078
 -118.9812   37.7442  1.7698e+00  1.1125e+00 -6.0496e-02  5.0000e-02  5.0000e-02  5.0000e-02  0.0000e+00  0.0000e+00  0.0000e+00       0.0       0.0      0079
 -115.7880   33.3898  3.7654e-01  5.1909e+00  1.2049e-01  5.0000e-02  5.0000e-02  5.0000e-02  0.0000e+00  0.0000e+00  0.0000e+00       0.0       0.0      0080
 -121.9156   37.8786  1.6980e+00  3.4450e+00 -5.0974e-03  5.0000e-02  5.0000e-02  5.0000e-02  0.0000e+00  0.0000e+00  0.0000e+00       0.0       0.0      0081
 -118.3485   34.0239 -1.0208e+00  1.0298e+00 -8.2314e-02  5.0000e-02  5.0000e-02  5.0000e-02  0.0000e+00  0.0000e+00  0.0000e+00       0.0       0.0      0082
 -117.2495   33.0365  9.0309e-01  2.8106e+00  5.5189e-02  5.0000e-02  5.0000e-02  5.0000e-02  0.0000e+00  0.0000e+00  0.0000e+00       0.0       0.0      0083
 -116.7121   33.7333 -3.4920e-01  3.6854e+00  1.0403e-01  5.0000e-02  5.0000e-02  5.0000e-02  0.0000e+00  0.0000e+00  0.0000e+00       0.0       0.0      0084
 -117.8601   34.4134 -1.7225e+00  1.8720e+00 -2.7737e-02  5.0000e-02  5.0000e-02  5.0000e-02  0.0000e+00  0.0000e+00  0.0000e+00       0.0       0.0      0085
 -118.0393   37.7428  1.7448e+00  4.6203e-01  7.8520e-02  5.0000e-02  5.0000e-02  5.0000e-02  0.0000e+00  0.0000e+00  0.0000e+00       0.0       0.0      0086
 -118.1260   33.9380 -8.5395e-01  1.3876e+00  4.8838e-02  5.0000e-02  5.0000e-02  5.0000e-02  0.0000e+00  0.0000e+00  0.0000e+00       0.0       0.0      0087
 -118.3290   33.8868 -7.4356e-01  1.0811e+00 -4.1706e-02  5.0000e-02  5.0000e-02  5.0000e-02  0.0000e+00  0.0000e+00  0.0000e+00       0.0       0.0      0088
 -117.4117   33.6477 -2.9332e-01  2.5864e+00  2.6084e-02  5.0000e-02  5.0000e-02  5.0000e-02  0.0000e+00  0.0000e+00  0.0000e+00       0.0       0.0      0089
 -114.2642   37.9155  1.7709e+00 -2.4955e+00  4.6425e-02  5.0000e-02  5.0000e-02  5.0000e-02  0.0000e+00  0.0000e+00  0.0000e+00       0.0       0.0      0090
 -118.8304   34.9462 -9.8092e-01  1.0447e+00  6.0289e-02  5.0000e-02  5.0000e-02  5.0000e-02  0.0000e+00  0.0000e+00  0.0000e+00       0.0       0.0      0091
 -118.2084   34.0297 -1.0064e+00  1.3011e+00 -8.3231e-02  5.0000e-02  5.0000e-02  5.0000e-02  0.0000e+00  0.0000e+00  0.0000e+00       0.0       0.0      0092
 -117.5256   34.1042 -1.2142e+00  2.4708e+00 -1.2571e-04  5.0000e-02  5.0000e-02  5.0000e-02  0.0000e+00  0.0000e+00  0.0000e+00       0.0       0.0      0093
 -120.0094   34.7330 -2.3456e+00 -1.6840e+00  3.4744e-02  5.0000e-02  5.0000e-02  5.0000e-02  0.0000e+00  0.0000e+00  0.0000e+00       0.0       0.0      0094
 -118.8941   34.4099 -1.6956e+00  1.5989e-01  1.5956e-01  5.0000e-02  5.0000e-02  5.0000e-02  0.0000e+00  0.0000e+00  0.0000e+00       0.0       0.0      0095
 -118.8840   34.3563 -1.5569e+00  1.1177e-01  5.9561e-02  5.0000e-02  5.0000e-02  5.0000e-02  0.0000e+00  0.0000e+00  0.0000e+00       0.0       0.0      0096
 -117.9357   33.6623 -3.3825e-01  1.6425e+00 -8.9856e-02  5.0000e-02  5.0000e-02  5.0000e-02  0.0000e+00  0.0000e+00  0.0000e+00       0.0       0.0      0097
 -118.3595   34.0806 -1.1341e+00  1.0775e+00 -2.0976e-02  5.0000e-02  5.0000e-02  5.0000e-02  0.0000e+00  0.0000e+00  0.0000e+00       0.0       0.0      0098
 -118.8934   34.8002 -2.4979e+00  2.0548e-01  5.5409e-02  5.0000e-02  5.0000e-02  5.0000e-02  0.0000e+00  0.0000e+00  0.0000e+00       0.0       0.0      0099
 -119.8637   35.1894 -3.2192e+00 -1.4027e+00  3.4645e-02  5.0000e-02  5.0000e-02  5.0000e-02  0.0000e+00  0.0000e+00  0.0000e+00       0.0       0.0      0100
 -117.3979   34.2039 -1.2424e+00  2.5662e+00 -3.5612e-02  5.0000e-02  5.0000e-02  5.0000e-02  0.0000e+00  0.0000e+00  0.0000e+00       0.0       0.0      0101
 -115.5214   33.2748 -2.6583e+00 -1.4825e+00  7.3251e-02  5.0000e-02  5.0000e-02  5.0000e-02  0.0000e+00  0.0000e+00  0.0000e+00       0.0       0.0      0102
 -114.8273   33.0511 -2.8358e+00 -2.0585e+00 -1.5634e-02  5.0000e-02  5.0000e-02  5.0000e-02  0.0000e+00  0.0000e+00  0.0000e+00       0.0       0.0      0103
 -115.6602   34.7840 -1.1071e+00 -1.5099e+00  3.6283e-02  5.0000e-02  5.0000e-02  5.0000e-02  0.0000e+00  0.0000e+00  0.0000e+00       0.0       0.0      0104
 -114.1894   34.3086 -1.7174e+00 -2.5778e+00  7.6565e-02  5.0000e-02  5.0000e-02  5.0000e-02  0.0000e+00  0.0000e+00  0.0000e+00       0.0       0.0      0105
 -116.8892   35.4252 -5.5192e-01 -5.3507e-01 -3.1154e-02  5.0000e-02  5.0000e-02  5.0000e-02  0.0000e+00  0.0000e+00  0.0000e+00       0.0       0.0      0106
 -118.1129   34.0474 -1.0615e+00  1.4786e+00 -1.1329e-02  5.0000e-02  5.0000e-02  5.0000e-02  0.0000e+00  0.0000e+00  0.0000e+00       0.0       0.0      0107
 -120.6821   34.4694 -1.8928e+00 -2.7825e+00  3.2829e-02  5.0000e-02  5.0000e-02  5.0000e-02  0.0000e+00  0.0000e+00  0.0000e+00       0.0       0.0      0108
 -118.2858   33.7836 -5.5831e-01  1.1416e+00 -2.2416e-02  5.0000e-02  5.0000e-02  5.0000e-02  0.0000e+00  0.0000e+00  0.0000e+00       0.0       0.0      0109
 -116.4301   34.7548 -1.1486e+00 -7.8607e-01  5.0045e-02  5.0000e-02  5.0000e-02  5.0000e-02  0.0000e+00  0.0000e+00  0.0000e+00       0.0       0.0      0110
 -117.7995   34.7599 -1.2378e+00  2.5069e-01  4.7506e-02  5.0000e-02  5.0000e-02  5.0000e-02  0.0000e+00  0.0000e+00  0.0000e+00       0.0       0.0      0111
 -115.6353   33.7050 -2.1916e+00 -1.4130e+00  2.7466e-02  5.0000e-02  5.0000e-02  5.0000e-02  0.0000e+00  0.0000e+00  0.0000e+00       0.0       0.0      0112
 -120.4795   35.8667 -4.5523e+00 -2.3642e+00  8.6458e-03  5.0000e-02  5.0000e-02  5.0000e-02  0.0000e+00  0.0000e+00  0.0000e+00       0.0       0.0      0113
 -117.8452   34.4582 -1.8371e+00  1.8817e+00  4.7792e-02  5.0000e-02  5.0000e-02  5.0000e-02  0.0000e+00  0.0000e+00  0.0000e+00       0.0       0.0      0114
 -118.1682   33.9245 -8.0578e-01  1.3524e+00  2.3598e-02  5.0000e-02  5.0000e-02  5.0000e-02  0.0000e+00  0.0000e+00  0.0000e+00       0.0       0.0      0115
 -118.8212   37.6586  1.6495e+00  1.0656e+00 -1.2711e-02  5.0000e-02  5.0000e-02  5.0000e-02  0.0000e+00  0.0000e+00  0.0000e+00       0.0       0.0      0116
 -120.4024   35.8808 -2.0613e-01  2.2470e+00 -1.3156e-02  5.0000e-02  5.0000e-02  5.0000e-02  0.0000e+00  0.0000e+00  0.0000e+00       0.0       0.0      0117
 -119.1875   34.4412 -1.8620e+00 -3.7771e-01  4.2463e-02  5.0000e-02  5.0000e-02  5.0000e-02  0.0000e+00  0.0000e+00  0.0000e+00       0.0       0.0      0118
 -115.9114   34.7273 -1.3439e+00 -1.1613e+00  4.7518e-06  5.0000e-02  5.0000e-02  5.0000e-02  0.0000e+00  0.0000e+00  0.0000e+00       0.0       0.0      0119
 -115.0318   32.7062 -3.2646e+00 -1.9501e+00  3.9805e-02  5.0000e-02  5.0000e-02  5.0000e-02  0.0000e+00  0.0000e+00  0.0000e+00       0.0       0.0      0120
 -115.1451   34.1576 -1.9368e+00 -1.9086e+00  2.4885e-02  5.0000e-02  5.0000e-02  5.0000e-02  0.0000e+00  0.0000e+00  0.0000e+00       0.0       0.0      0121
 -118.4743   35.6623 -3.7875e-01  8.1796e-01  7.2884e-02  5.0000e-02  5.0000e-02  5.0000e-02  0.0000e+00  0.0000e+00  0.0000e+00       0.0       0.0      0122
 -115.5068   32.8294 -3.0752e+00 -1.5417e+00 -3.7165e-02  5.0000e-02  5.0000e-02  5.0000e-02  0.0000e+00  0.0000e+00  0.0000e+00       0.0       0.0      0123
 -119.0847   37.7717  1.5463e+00  1.2475e+00 -5.9954e-02  5.0000e-02  5.0000e-02  5.0000e-02  0.0000e+00  0.0000e+00  0.0000e+00       0.0       0.0      0124
 -116.0990   36.4588  4.2633e-01 -1.0801e+00 -4.7445e-02  5.0000e-02  5.0000e-02  5.0000e-02  0.0000e+00  0.0000e+00  0.0000e+00       0.0       0.0      0125
 -118.1732   34.2048 -1.3872e+00  1.3917e+00 -1.8008e-02  5.0000e-02  5.0000e-02  5.0000e-02  0.0000e+00  0.0000e+00  0.0000e+00       0.0       0.0      0126
 -119.0082   34.3985 -1.7558e+00  2.0102e-02  6.7271e-02  5.0000e-02  5.0000e-02  5.0000e-02  0.0000e+00  0.0000e+00  0.0000e+00       0.0       0.0      0127
 -118.9792   37.6591  1.6269e+00  1.1542e+00  5.6795e-02  5.0000e-02  5.0000e-02  5.0000e-02  0.0000e+00  0.0000e+00  0.0000e+00       0.0       0.0      0128
 -118.8805   37.7133  1.6641e+00  1.0111e+00 -3.5459e-02  5.0000e-02  5.0000e-02  5.0000e-02  0.0000e+00  0.0000e+00  0.0000e+00       0.0       0.0      0129
 -116.1734   33.9254 -1.9567e+00 -1.0534e+00  1.0708e-01  5.0000e-02  5.0000e-02  5.0000e-02  0.0000e+00  0.0000e+00  0.0000e+00       0.0       0.0      0130
 -120.4733   35.8998 -4.7381e+00 -2.3403e+00  5.2347e-03  5.0000e-02  5.0000e-02  5.0000e-02  0.0000e+00  0.0000e+00  0.0000e+00       0.0       0.0      0131
 -118.5746   34.1819 -1.3698e+00  6.5556e-01 -3.6595e-02  5.0000e-02  5.0000e-02  5.0000e-02  0.0000e+00  0.0000e+00  0.0000e+00       0.0       0.0      0132
 -118.3065   33.9279 -8.5974e-01  1.1442e+00 -2.3898e-02  5.0000e-02  5.0000e-02  5.0000e-02  0.0000e+00  0.0000e+00  0.0000e+00       0.0       0.0      0133
 -118.1372   33.8321 -7.3768e-01  1.3539e+00 -2.3786e-02  5.0000e-02  5.0000e-02  5.0000e-02  0.0000e+00  0.0000e+00  0.0000e+00       0.0       0.0      0134
 -118.1732   33.7916 -5.0807e-01  1.2700e+00 -2.0471e-03  5.0000e-02  5.0000e-02  5.0000e-02  0.0000e+00  0.0000e+00  0.0000e+00       0.0       0.0      0135
 -118.2033   33.7878 -4.9206e-01  1.2707e+00 -5.9031e-02  5.0000e-02  5.0000e-02  5.0000e-02  0.0000e+00  0.0000e+00  0.0000e+00       0.0       0.0      0136
 -116.4328   34.2673 -1.6993e+00 -7.3135e-01  3.6211e-02  5.0000e-02  5.0000e-02  5.0000e-02  0.0000e+00  0.0000e+00  0.0000e+00       0.0       0.0      0137
 -116.2091   34.6994 -1.2537e+00 -1.0481e+00  5.3619e-02  5.0000e-02  5.0000e-02  5.0000e-02  0.0000e+00  0.0000e+00  0.0000e+00       0.0       0.0      0138
 -118.3218   34.1346 -1.1816e+00  1.1624e+00 -3.2585e-02  5.0000e-02  5.0000e-02  5.0000e-02  0.0000e+00  0.0000e+00  0.0000e+00       0.0       0.0      0139
 -118.4128   34.0951 -1.1554e+00  1.0045e+00  5.2946e-02  5.0000e-02  5.0000e-02  5.0000e-02  0.0000e+00  0.0000e+00  0.0000e+00       0.0       0.0      0140
 -119.0173   37.6372  1.6547e+00  1.1628e+00  5.7383e-02  5.0000e-02  5.0000e-02  5.0000e-02  0.0000e+00  0.0000e+00  0.0000e+00       0.0       0.0      0141
 -118.1392   34.6620 -1.3902e+00  4.8536e-01  5.4575e-02  5.0000e-02  5.0000e-02  5.0000e-02  0.0000e+00  0.0000e+00  0.0000e+00       0.0       0.0      0142
 -116.3082   36.7459  7.1150e-01 -9.8529e-01 -9.4364e-02  5.0000e-02  5.0000e-02  5.0000e-02  0.0000e+00  0.0000e+00  0.0000e+00       0.0       0.0      0143
 -118.8677   34.8075 -2.4270e+00  1.9157e-01  3.2133e-02  5.0000e-02  5.0000e-02  5.0000e-02  0.0000e+00  0.0000e+00  0.0000e+00       0.0       0.0      0144
 -117.8350   34.4855 -1.3327e+00  2.8548e-01  3.8165e-02  5.0000e-02  5.0000e-02  5.0000e-02  0.0000e+00  0.0000e+00  0.0000e+00       0.0       0.0      0145
 -117.8379   34.5860 -1.4422e+00  2.7270e-01 -6.0160e-03  5.0000e-02  5.0000e-02  5.0000e-02  0.0000e+00  0.0000e+00  0.0000e+00       0.0       0.0      0146
 -119.0579   36.3600  4.0450e-01  1.2663e+00 -2.0622e-02  5.0000e-02  5.0000e-02  5.0000e-02  0.0000e+00  0.0000e+00  0.0000e+00       0.0       0.0      0147
 -116.9397   35.0902 -8.7571e-01 -5.6186e-01 -2.2926e-02  5.0000e-02  5.0000e-02  5.0000e-02  0.0000e+00  0.0000e+00  0.0000e+00       0.0       0.0      0148
 -118.0034   34.1119 -1.2150e+00  1.5094e+00 -5.0964e-02  5.0000e-02  5.0000e-02  5.0000e-02  0.0000e+00  0.0000e+00  0.0000e+00       0.0       0.0      0149
 -117.7541   34.1333 -1.3033e+00  2.0591e+00 -8.4115e-02  5.0000e-02  5.0000e-02  5.0000e-02  0.0000e+00  0.0000e+00  0.0000e+00       0.0       0.0      0150
 -120.5943   35.8287 -4.5313e+00 -2.5746e+00  8.4479e-03  5.0000e-02  5.0000e-02  5.0000e-02  0.0000e+00  0.0000e+00  0.0000e+00       0.0       0.0      0151
 -117.9567   34.0268 -1.0703e+00  1.7256e+00  2.0977e-02  5.0000e-02  5.0000e-02  5.0000e-02  0.0000e+00  0.0000e+00  0.0000e+00       0.0       0.0      0152
 -121.8652   37.2869  1.2271e+00  3.4669e+00 -1.0084e-02  5.0000e-02  5.0000e-02  5.0000e-02  0.0000e+00  0.0000e+00  0.0000e+00       0.0       0.0      0153
 -119.1037   34.7336 -2.3409e+00 -1.5964e-01 -3.3040e-02  5.0000e-02  5.0000e-02  5.0000e-02  0.0000e+00  0.0000e+00  0.0000e+00       0.0       0.0      0154
 -115.1913   36.1595  1.8375e-02 -1.8263e+00  1.0700e-02  5.0000e-02  5.0000e-02  5.0000e-02  0.0000e+00  0.0000e+00  0.0000e+00       0.0       0.0      0155
 -120.4431   35.8326 -4.4953e+00 -2.3555e+00 -2.0468e-02  5.0000e-02  5.0000e-02  5.0000e-02  0.0000e+00  0.0000e+00  0.0000e+00       0.0       0.0      0156
 -117.4367   33.8568 -6.8392e-01  2.5464e+00 -5.9590e-02  5.0000e-02  5.0000e-02  5.0000e-02  0.0000e+00  0.0000e+00  0.0000e+00       0.0       0.0      0157
 -115.9790   36.6325  6.0224e-01 -1.1499e+00 -1.4278e-02  5.0000e-02  5.0000e-02  5.0000e-02  0.0000e+00  0.0000e+00  0.0000e+00       0.0       0.0      0158
 -121.6426   37.3415  1.2044e+00  3.2421e+00 -4.4520e-02  5.0000e-02  5.0000e-02  5.0000e-02  0.0000e+00  0.0000e+00  0.0000e+00       0.0       0.0      0159
 -118.2441   33.9391 -7.6258e-01  1.2001e+00 -1.5256e-02  5.0000e-02  5.0000e-02  5.0000e-02  0.0000e+00  0.0000e+00  0.0000e+00       0.0       0.0      0160
 -120.4588   35.9219 -4.6923e+00 -2.3424e+00 -1.1236e-01  5.0000e-02  5.0000e-02  5.0000e-02  0.0000e+00  0.0000e+00  0.0000e+00       0.0       0.0      0161
 -120.3514   34.0383 -1.0568e+00 -2.2640e+00 -4.2606e-02  5.0000e-02  5.0000e-02  5.0000e-02  0.0000e+00  0.0000e+00  0.0000e+00       0.0       0.0      0162
 -119.0609   37.6538  1.5730e+00  1.1597e+00 -2.9924e-03  5.0000e-02  5.0000e-02  5.0000e-02  0.0000e+00  0.0000e+00  0.0000e+00       0.0       0.0      0163
 -117.5505   33.7145 -3.9148e-01  2.3746e+00  5.8663e-02  5.0000e-02  5.0000e-02  5.0000e-02  0.0000e+00  0.0000e+00  0.0000e+00       0.0       0.0      0164
 -117.3180   33.9184 -8.0541e-01  2.7425e+00 -4.3535e-02  5.0000e-02  5.0000e-02  5.0000e-02  0.0000e+00  0.0000e+00  0.0000e+00       0.0       0.0      0165
 -120.4341   35.9695 -1.1749e-01  2.2356e+00  4.2972e-02  5.0000e-02  5.0000e-02  5.0000e-02  0.0000e+00  0.0000e+00  0.0000e+00       0.0       0.0      0166
 -121.8669   37.4853  1.3435e+00  3.4017e+00  7.1126e-03  5.0000e-02  5.0000e-02  5.0000e-02  0.0000e+00  0.0000e+00  0.0000e+00       0.0       0.0      0167
 -116.4223   32.8919  1.2285e+00  4.1127e+00 -6.4703e-03  5.0000e-02  5.0000e-02  5.0000e-02  0.0000e+00  0.0000e+00  0.0000e+00       0.0       0.0      0168
 -118.8780   34.2955 -1.5276e+00  2.3286e-01 -2.9436e-02  5.0000e-02  5.0000e-02  5.0000e-02  0.0000e+00  0.0000e+00  0.0000e+00       0.0       0.0      0169
 -117.8817   34.1752 -1.3329e+00  1.7880e+00 -1.9002e-02  5.0000e-02  5.0000e-02  5.0000e-02  0.0000e+00  0.0000e+00  0.0000e+00       0.0       0.0      0170
 -117.2101   34.2308 -1.6522e+00 -1.4139e-01 -4.4843e-03  5.0000e-02  5.0000e-02  5.0000e-02  0.0000e+00  0.0000e+00  0.0000e+00       0.0       0.0      0171
 -118.2455   34.0552 -1.0621e+00  1.2276e+00 -5.9524e-02  5.0000e-02  5.0000e-02  5.0000e-02  0.0000e+00  0.0000e+00  0.0000e+00       0.0       0.0      0172
 -119.3093   37.1699  1.0707e+00  1.4692e+00 -2.1581e-02  5.0000e-02  5.0000e-02  5.0000e-02  0.0000e+00  0.0000e+00  0.0000e+00       0.0       0.0      0173
 -119.0960   34.2616 -1.5571e+00 -1.4159e-01  1.1403e-01  5.0000e-02  5.0000e-02  5.0000e-02  0.0000e+00  0.0000e+00  0.0000e+00       0.0       0.0      0174
 -116.5253   33.2109  6.0463e-01  3.9354e+00  9.5638e-02  5.0000e-02  5.0000e-02  5.0000e-02  0.0000e+00  0.0000e+00  0.0000e+00       0.0       0.0      0175
 -118.9447   37.6405  1.5015e+00  1.1994e+00 -5.9585e-02  5.0000e-02  5.0000e-02  5.0000e-02  0.0000e+00  0.0000e+00  0.0000e+00       0.0       0.0      0176
 -116.1482   34.5086 -1.4429e+00 -1.1198e+00  6.8970e-02  5.0000e-02  5.0000e-02  5.0000e-02  0.0000e+00  0.0000e+00  0.0000e+00       0.0       0.0      0177
 -114.6186   34.7677 -1.2178e+00 -2.2716e+00  3.0408e-02  5.0000e-02  5.0000e-02  5.0000e-02  0.0000e+00  0.0000e+00  0.0000e+00       0.0       0.0      0178
 -119.1413   34.4987 -1.9279e+00 -1.9777e-01  1.0367e-01  5.0000e-02  5.0000e-02  5.0000e-02  0.0000e+00  0.0000e+00  0.0000e+00       0.0       0.0      0179
 -117.5696   33.9197 -8.5284e-01  2.3498e+00 -2.7462e-02  5.0000e-02  5.0000e-02  5.0000e-02  0.0000e+00  0.0000e+00  0.0000e+00       0.0       0.0      0180
 -118.3480   33.9797 -8.9061e-01  1.0392e+00 -4.5832e-02  5.0000e-02  5.0000e-02  5.0000e-02  0.0000e+00  0.0000e+00  0.0000e+00       0.0       0.0      0181
 -116.9727   32.5793  1.8101e+00  3.2565e+00 -3.0209e-02  5.0000e-02  5.0000e-02  5.0000e-02  0.0000e+00  0.0000e+00  0.0000e+00       0.0       0.0      0182
 -116.0677   34.1410 -1.8092e+00 -1.2179e+00 -2.0892e-02  5.0000e-02  5.0000e-02  5.0000e-02  0.0000e+00  0.0000e+00  0.0000e+00       0.0       0.0      0183
 -118.6014   34.3299 -1.6759e+00  7.6331e-01  2.6225e-02  5.0000e-02  5.0000e-02  5.0000e-02  0.0000e+00  0.0000e+00  0.0000e+00       0.0       0.0      0184
 -117.7441   33.7659 -5.6211e-01  2.0596e+00  1.6973e-02  5.0000e-02  5.0000e-02  5.0000e-02  0.0000e+00  0.0000e+00  0.0000e+00       0.0       0.0      0185
 -117.0418   33.1306  7.5490e-01  3.2155e+00  1.5994e-02  5.0000e-02  5.0000e-02  5.0000e-02  0.0000e+00  0.0000e+00  0.0000e+00       0.0       0.0      0186
 -115.9181   34.3699 -1.7630e+00 -1.1918e+00 -8.9137e-03  5.0000e-02  5.0000e-02  5.0000e-02  0.0000e+00  0.0000e+00  0.0000e+00       0.0       0.0      0187
 -116.3055   34.4277 -1.5723e+00 -9.5984e-01 -4.8242e-02  5.0000e-02  5.0000e-02  5.0000e-02  0.0000e+00  0.0000e+00  0.0000e+00       0.0       0.0      0188
 -116.0834   34.3671 -1.5733e+00 -1.0810e+00  3.1880e-02  5.0000e-02  5.0000e-02  5.0000e-02  0.0000e+00  0.0000e+00  0.0000e+00       0.0       0.0      0189
 -116.1495   34.4301 -1.5386e+00 -1.0111e+00  2.2961e-02  5.0000e-02  5.0000e-02  5.0000e-02  0.0000e+00  0.0000e+00  0.0000e+00       0.0       0.0      0190
 -116.2923   34.5330 -1.4283e+00 -9.0626e-01 -1.9003e-02  5.0000e-02  5.0000e-02  5.0000e-02  0.0000e+00  0.0000e+00  0.0000e+00       0.0       0.0      0191
 -120.2786   34.7391 -2.3527e+00 -2.1229e+00 -2.5027e-03  5.0000e-02  5.0000e-02  5.0000e-02  0.0000e+00  0.0000e+00  0.0000e+00       0.0       0.0      0192
 -116.8151   34.6749 -1.2737e+00 -5.3505e-01  1.7411e-02  5.0000e-02  5.0000e-02  5.0000e-02  0.0000e+00  0.0000e+00  0.0000e+00       0.0       0.0      0193
 -119.1419   34.3274 -1.7104e+00 -2.2191e-01 -1.4632e-02  5.0000e-02  5.0000e-02  5.0000e-02  0.0000e+00  0.0000e+00  0.0000e+00       0.0       0.0      0194
 -118.2073   34.1288 -1.1957e+00  1.2631e+00  6.2598e-02  5.0000e-02  5.0000e-02  5.0000e-02  0.0000e+00  0.0000e+00  0.0000e+00       0.0       0.0      0195
 -119.3534   34.6834 -2.2705e+00 -5.1873e-01  1.0326e-01  5.0000e-02  5.0000e-02  5.0000e-02  0.0000e+00  0.0000e+00  0.0000e+00       0.0       0.0      0196
 -114.0050   32.7225 -3.2546e+00 -2.8044e+00  1.0104e-01  5.0000e-02  5.0000e-02  5.0000e-02  0.0000e+00  0.0000e+00  0.0000e+00       0.0       0.0      0197
 -119.0629   36.0274  1.6132e-02  1.2055e+00  3.5182e-02  5.0000e-02  5.0000e-02  5.0000e-02  0.0000e+00  0.0000e+00  0.0000e+00       0.0       0.0      0198
 -116.1698   32.6165  1.8502e+00  4.5995e+00  1.0260e-01  5.0000e-02  5.0000e-02  5.0000e-02  0.0000e+00  0.0000e+00  0.0000e+00       0.0       0.0      0199
 -121.0030   35.5517 -3.9362e+00 -3.1675e+00  5.1020e-02  5.0000e-02  5.0000e-02  5.0000e-02  0.0000e+00  0.0000e+00  0.0000e+00       0.0       0.0      0200
 -121.7925   36.4855 -5.7251e+00 -4.5103e+00  2.7761e-02  5.0000e-02  5.0000e-02  5.0000e-02  0.0000e+00  0.0000e+00  0.0000e+00       0.0       0.0      0201
 -121.7318   36.8161 -6.2674e+00 -4.2857e+00  1.5987e-03  5.0000e-02  5.0000e-02  5.0000e-02  0.0000e+00  0.0000e+00  0.0000e+00       0.0       0.0      0202
 -121.9908   37.2017  1.0782e+00  3.5709e+00 -1.2857e-02  5.0000e-02  5.0000e-02  5.0000e-02  0.0000e+00  0.0000e+00  0.0000e+00       0.0       0.0      0203
 -121.6506   37.1045  9.3562e-01  3.3040e+00 -2.8863e-02  5.0000e-02  5.0000e-02  5.0000e-02  0.0000e+00  0.0000e+00  0.0000e+00       0.0       0.0      0204
 -121.7140   37.2035  1.1050e+00  3.2327e+00  3.3520e-02  5.0000e-02  5.0000e-02  5.0000e-02  0.0000e+00  0.0000e+00  0.0000e+00       0.0       0.0      0205
 -121.6869   37.6018  1.4614e+00  3.3223e+00 -7.6528e-02  5.0000e-02  5.0000e-02  5.0000e-02  0.0000e+00  0.0000e+00  0.0000e+00       0.0       0.0      0206
 -121.9780   37.7494  1.5884e+00  3.4663e+00  4.6744e-03  5.0000e-02  5.0000e-02  5.0000e-02  0.0000e+00  0.0000e+00  0.0000e+00       0.0       0.0      0207
 -121.7864   37.8190  1.6766e+00  3.3208e+00  4.8420e-03  5.0000e-02  5.0000e-02  5.0000e-02  0.0000e+00  0.0000e+00  0.0000e+00       0.0       0.0      0208
 -121.5545   36.9035  7.3179e-01  3.1660e+00  7.7123e-02  5.0000e-02  5.0000e-02  5.0000e-02  0.0000e+00  0.0000e+00  0.0000e+00       0.0       0.0      0209
 -121.5420   37.0078  8.7112e-01  3.2184e+00  2.3964e-02  5.0000e-02  5.0000e-02  5.0000e-02  0.0000e+00  0.0000e+00  0.0000e+00       0.0       0.0      0210
 -121.4632   36.9539  8.2603e-01  3.0946e+00  6.9625e-02  5.0000e-02  5.0000e-02  5.0000e-02  0.0000e+00  0.0000e+00  0.0000e+00       0.0       0.0      0211
 -121.3545   37.0108  9.2223e-01  3.1014e+00  1.0248e-03  5.0000e-02  5.0000e-02  5.0000e-02  0.0000e+00  0.0000e+00  0.0000e+00       0.0       0.0      0212
 -121.0644   36.6116  5.6071e-01  2.8319e+00 -1.5460e-02  5.0000e-02  5.0000e-02  5.0000e-02  0.0000e+00  0.0000e+00  0.0000e+00       0.0       0.0      0213
 -121.0577   37.1696  1.0447e+00  2.8629e+00 -2.4851e-02  5.0000e-02  5.0000e-02  5.0000e-02  0.0000e+00  0.0000e+00  0.0000e+00       0.0       0.0      0214
 -121.6048   37.9320  1.7412e+00  3.2745e+00  1.1907e-01  5.0000e-02  5.0000e-02  5.0000e-02  0.0000e+00  0.0000e+00  0.0000e+00       0.0       0.0      0215
 -121.4640   37.7553  1.5921e+00  3.1058e+00 -1.5310e-02  5.0000e-02  5.0000e-02  5.0000e-02  0.0000e+00  0.0000e+00  0.0000e+00       0.0       0.0      0216
 -121.1006   37.4330  1.2807e+00  2.7590e+00 -1.7889e-02  5.0000e-02  5.0000e-02  5.0000e-02  0.0000e+00  0.0000e+00  0.0000e+00       0.0       0.0      0217
 -121.0608   35.7112 -4.2884e+00 -3.3914e+00 -9.3971e-03  5.0000e-02  5.0000e-02  5.0000e-02  0.0000e+00  0.0000e+00  0.0000e+00       0.0       0.0      0218
 -120.3895   35.8411 -4.5783e+00 -2.2022e+00  7.4973e-02  5.0000e-02  5.0000e-02  5.0000e-02  0.0000e+00  0.0000e+00  0.0000e+00       0.0       0.0      0219
 -120.3452   35.8378 -2.2317e-01  2.1849e+00  4.9268e-02  5.0000e-02  5.0000e-02  5.0000e-02  0.0000e+00  0.0000e+00  0.0000e+00       0.0       0.0      0220
 -120.2853   35.8067 -2.0801e-01  2.1738e+00  4.4691e-02  5.0000e-02  5.0000e-02  5.0000e-02  0.0000e+00  0.0000e+00  0.0000e+00       0.0       0.0      0221
 -120.9068   35.9333 -4.7516e+00 -3.0698e+00 -6.2092e-03  5.0000e-02  5.0000e-02  5.0000e-02  0.0000e+00  0.0000e+00  0.0000e+00       0.0       0.0      0222
 -120.6978   36.0248 -4.9067e+00 -2.7509e+00  1.4723e-02  5.0000e-02  5.0000e-02  5.0000e-02  0.0000e+00  0.0000e+00  0.0000e+00       0.0       0.0      0223
 -120.8424   35.6971 -4.1817e+00 -2.9122e+00 -7.8624e-03  5.0000e-02  5.0000e-02  5.0000e-02  0.0000e+00  0.0000e+00  0.0000e+00       0.0       0.0      0224
 -120.5519   35.9741 -4.7876e+00 -2.5319e+00 -1.8023e-02  5.0000e-02  5.0000e-02  5.0000e-02  0.0000e+00  0.0000e+00  0.0000e+00       0.0       0.0      0225
 -120.2770   36.3044  3.0829e-01  2.1465e+00  9.2347e-02  5.0000e-02  5.0000e-02  5.0000e-02  0.0000e+00  0.0000e+00  0.0000e+00       0.0       0.0      0226
 -120.7431   36.8063  7.8261e-01  2.4792e+00 -1.0707e-01  5.0000e-02  5.0000e-02  5.0000e-02  0.0000e+00  0.0000e+00  0.0000e+00       0.0       0.0      0227
 -120.6186   36.6347  6.0683e-01  2.4570e+00  9.8083e-03  5.0000e-02  5.0000e-02  5.0000e-02  0.0000e+00  0.0000e+00  0.0000e+00       0.0       0.0      0228
 -120.7053   37.0544  9.4989e-01  2.4608e+00 -2.4480e-02  5.0000e-02  5.0000e-02  5.0000e-02  0.0000e+00  0.0000e+00  0.0000e+00       0.0       0.0      0229
 -120.3566   36.7390  7.3695e-01  2.2835e+00 -1.1366e-01  5.0000e-02  5.0000e-02  5.0000e-02  0.0000e+00  0.0000e+00  0.0000e+00       0.0       0.0      0230
 -120.1968   37.3522  1.2407e+00  2.1711e+00  5.6454e-02  5.0000e-02  5.0000e-02  5.0000e-02  0.0000e+00  0.0000e+00  0.0000e+00       0.0       0.0      0231
 -120.0579   36.9473  8.4077e-01  2.0112e+00 -7.2326e-02  5.0000e-02  5.0000e-02  5.0000e-02  0.0000e+00  0.0000e+00  0.0000e+00       0.0       0.0      0232
 -117.3939   34.4624 -1.4867e+00 -9.9993e-02 -6.0319e-02  5.0000e-02  5.0000e-02  5.0000e-02  0.0000e+00  0.0000e+00  0.0000e+00       0.0       0.0      0233
 -117.5409   33.5621 -8.0117e-02  2.3590e+00  4.7705e-03  5.0000e-02  5.0000e-02  5.0000e-02  0.0000e+00  0.0000e+00  0.0000e+00       0.0       0.0      0234
 -117.1047   32.8892  1.2765e+00  3.0955e+00  1.8078e-02  5.0000e-02  5.0000e-02  5.0000e-02  0.0000e+00  0.0000e+00  0.0000e+00       0.0       0.0      0235
 -116.9495   32.7338  1.6013e+00  3.2655e+00  1.4159e-02  5.0000e-02  5.0000e-02  5.0000e-02  0.0000e+00  0.0000e+00  0.0000e+00       0.0       0.0      0236
 -117.2487   33.3552  3.4583e-01  2.7816e+00 -3.1440e-02  5.0000e-02  5.0000e-02  5.0000e-02  0.0000e+00  0.0000e+00  0.0000e+00       0.0       0.0      0237
 -117.1897   33.4396  2.2005e-01  2.9941e+00 -6.0990e-02  5.0000e-02  5.0000e-02  5.0000e-02  0.0000e+00  0.0000e+00  0.0000e+00       0.0       0.0      0238
 -117.1134   33.5028  5.7231e-02  2.9969e+00  3.1332e-03  5.0000e-02  5.0000e-02  5.0000e-02  0.0000e+00  0.0000e+00  0.0000e+00       0.0       0.0      0239
 -117.0716   33.2357  5.8285e-01  3.0980e+00 -5.3792e-02  5.0000e-02  5.0000e-02  5.0000e-02  0.0000e+00  0.0000e+00  0.0000e+00       0.0       0.0      0240
 -116.7829   33.4933  1.1057e-01  3.7048e+00 -7.0099e-02  5.0000e-02  5.0000e-02  5.0000e-02  0.0000e+00  0.0000e+00  0.0000e+00       0.0       0.0      0241
 -116.3485   32.9760  1.0954e+00  4.3095e+00 -3.3293e-02  5.0000e-02  5.0000e-02  5.0000e-02  0.0000e+00  0.0000e+00  0.0000e+00       0.0       0.0      0242
 -116.6714   33.2402  5.8289e-01  3.8151e+00  4.2575e-02  5.0000e-02  5.0000e-02  5.0000e-02  0.0000e+00  0.0000e+00  0.0000e+00       0.0       0.0      0243
 -116.5693   33.0592  8.6330e-01  3.9232e+00 -4.8105e-02  5.0000e-02  5.0000e-02  5.0000e-02  0.0000e+00  0.0000e+00  0.0000e+00       0.0       0.0      0244
 -116.6208   33.3756  2.2380e-01  3.8230e+00  8.0126e-02  5.0000e-02  5.0000e-02  5.0000e-02  0.0000e+00  0.0000e+00  0.0000e+00       0.0       0.0      0245
 -116.3223   33.2602  5.7808e-01  4.3286e+00 -3.8813e-02  5.0000e-02  5.0000e-02  5.0000e-02  0.0000e+00  0.0000e+00  0.0000e+00       0.0       0.0      0246
 -116.2268   33.5747 -3.4824e-02  4.4617e+00 -5.0718e-02  5.0000e-02  5.0000e-02  5.0000e-02  0.0000e+00  0.0000e+00  0.0000e+00       0.0       0.0      0247
 -115.7321   32.7597  1.5202e+00  5.3136e+00 -7.6239e-02  5.0000e-02  5.0000e-02  5.0000e-02  0.0000e+00  0.0000e+00  0.0000e+00       0.0       0.0      0248
 -115.6284   33.0450  9.8751e-01  5.4494e+00  7.2692e-03  5.0000e-02  5.0000e-02  5.0000e-02  0.0000e+00  0.0000e+00  0.0000e+00       0.0       0.0      0249
 -115.5959   32.7506  1.5511e+00  5.5453e+00  2.5343e-02  5.0000e-02  5.0000e-02  5.0000e-02  0.0000e+00  0.0000e+00  0.0000e+00       0.0       0.0      0250
 -115.5770   32.8347  1.2946e+00  5.5659e+00 -1.2131e-02  5.0000e-02  5.0000e-02  5.0000e-02  0.0000e+00  0.0000e+00  0.0000e+00       0.0       0.0      0251
 -115.5696   32.8984  1.2563e+00  5.5612e+00  1.1184e-01  5.0000e-02  5.0000e-02  5.0000e-02  0.0000e+00  0.0000e+00  0.0000e+00       0.0       0.0      0252
 -115.4879   32.9796 -2.9312e+00 -1.6164e+00  7.1676e-04  5.0000e-02  5.0000e-02  5.0000e-02  0.0000e+00  0.0000e+00  0.0000e+00       0.0       0.0      0253
 -115.2999   32.6900 -3.2703e+00 -1.7521e+00 -1.6698e-02  5.0000e-02  5.0000e-02  5.0000e-02  0.0000e+00  0.0000e+00  0.0000e+00       0.0       0.0      0254
 -115.3979   32.8758 -3.0702e+00 -1.7021e+00  2.3598e-02  5.0000e-02  5.0000e-02  5.0000e-02  0.0000e+00  0.0000e+00  0.0000e+00       0.0       0.0      0255
 -115.4219   32.9825 -3.0146e+00 -1.5999e+00  4.3177e-02  5.0000e-02  5.0000e-02  5.0000e-02  0.0000e+00  0.0000e+00  0.0000e+00       0.0       0.0      0256
 -115.7658   33.5164 -2.4199e+00 -1.3339e+00  1.9830e-02  5.0000e-02  5.0000e-02  5.0000e-02  0.0000e+00  0.0000e+00  0.0000e+00       0.0       0.0      0257
 -115.5102   33.0814 -2.8490e+00 -1.6175e+00 -1.2283e-01  5.0000e-02  5.0000e-02  5.0000e-02  0.0000e+00  0.0000e+00  0.0000e+00       0.0       0.0      0258
 -115.6124   33.2000 -2.6869e+00 -1.4361e+00 -1.7199e-02  5.0000e-02  5.0000e-02  5.0000e-02  0.0000e+00  0.0000e+00  0.0000e+00       0.0       0.0      0259
 -115.4287   33.2478 -2.6622e+00 -1.6110e+00 -5.4067e-02  5.0000e-02  5.0000e-02  5.0000e-02  0.0000e+00  0.0000e+00  0.0000e+00       0.0       0.0      0260
 -115.2939   32.8907 -3.1065e+00 -1.7158e+00  1.8891e-02  5.0000e-02  5.0000e-02  5.0000e-02  0.0000e+00  0.0000e+00  0.0000e+00       0.0       0.0      0261
 -115.3433   33.1436 -2.7329e+00 -1.6834e+00  4.7526e-02  5.0000e-02  5.0000e-02  5.0000e-02  0.0000e+00  0.0000e+00  0.0000e+00       0.0       0.0      0262
 -115.2961   33.8869 -2.0838e+00 -1.6838e+00  8.6117e-02  5.0000e-02  5.0000e-02  5.0000e-02  0.0000e+00  0.0000e+00  0.0000e+00       0.0       0.0      0263
 -120.8697   35.6360 -4.0398e+00 -2.9550e+00 -1.2685e-02  5.0000e-02  5.0000e-02  5.0000e-02  0.0000e+00  0.0000e+00  0.0000e+00       0.0       0.0      0264
 -120.4804   35.6248 -4.0728e+00 -2.3569e+00  8.2812e-03  5.0000e-02  5.0000e-02  5.0000e-02  0.0000e+00  0.0000e+00  0.0000e+00       0.0       0.0      0265
 -120.2670   35.6338 -4.1087e+00 -2.0405e+00 -8.0324e-03  5.0000e-02  5.0000e-02  5.0000e-02  0.0000e+00  0.0000e+00  0.0000e+00       0.0       0.0      0266
 -120.1820   35.7027 -2.6729e-01  2.1329e+00 -6.5575e-02  5.0000e-02  5.0000e-02  5.0000e-02  0.0000e+00  0.0000e+00  0.0000e+00       0.0       0.0      0267
 -120.0007   35.6867 -2.3538e-01  1.8962e+00 -2.3822e-02  5.0000e-02  5.0000e-02  5.0000e-02  0.0000e+00  0.0000e+00  0.0000e+00       0.0       0.0      0268
 -119.7380   35.7313 -3.1193e-01  1.7517e+00 -1.0846e-01  5.0000e-02  5.0000e-02  5.0000e-02  0.0000e+00  0.0000e+00  0.0000e+00       0.0       0.0      0269
 -119.9094   35.9347 -1.0458e-01  1.8765e+00  5.0423e-02  5.0000e-02  5.0000e-02  5.0000e-02  0.0000e+00  0.0000e+00  0.0000e+00       0.0       0.0      0270
 -118.8790   34.8351 -1.1390e+00  1.0421e+00  6.0445e-02  5.0000e-02  5.0000e-02  5.0000e-02  0.0000e+00  0.0000e+00  0.0000e+00       0.0       0.0      0271
 -118.5455   34.7711 -1.2048e+00  8.7202e-01 -3.7584e-02  5.0000e-02  5.0000e-02  5.0000e-02  0.0000e+00  0.0000e+00  0.0000e+00       0.0       0.0      0272
 -118.6556   34.9444 -1.0280e+00  9.6897e-01  7.3417e-03  5.0000e-02  5.0000e-02  5.0000e-02  0.0000e+00  0.0000e+00  0.0000e+00       0.0       0.0      0273
 -118.6176   34.8389 -1.1269e+00  8.1495e-01  3.9606e-02  5.0000e-02  5.0000e-02  5.0000e-02  0.0000e+00  0.0000e+00  0.0000e+00       0.0       0.0      0274
 -118.5409   34.8218 -1.1688e+00  8.0116e-01 -2.5663e-02  5.0000e-02  5.0000e-02  5.0000e-02  0.0000e+00  0.0000e+00  0.0000e+00       0.0       0.0      0275
 -118.3991   34.6185 -2.1986e+00  9.9869e-01 -4.1066e-02  5.0000e-02  5.0000e-02  5.0000e-02  0.0000e+00  0.0000e+00  0.0000e+00       0.0       0.0      0276
 -118.1887   34.9821 -9.5386e-01  5.8091e-01  6.3153e-03  5.0000e-02  5.0000e-02  5.0000e-02  0.0000e+00  0.0000e+00  0.0000e+00       0.0       0.0      0277
 -119.4212   35.4187 -6.1675e-01  1.5694e+00 -1.8048e-02  5.0000e-02  5.0000e-02  5.0000e-02  0.0000e+00  0.0000e+00  0.0000e+00       0.0       0.0      0278
 -119.2366   35.7439 -2.1320e-01  1.4235e+00 -1.5259e-02  5.0000e-02  5.0000e-02  5.0000e-02  0.0000e+00  0.0000e+00  0.0000e+00       0.0       0.0      0279
 -119.2293   36.3245  2.9524e-01  1.4179e+00 -1.8685e-02  5.0000e-02  5.0000e-02  5.0000e-02  0.0000e+00  0.0000e+00  0.0000e+00       0.0       0.0      0280
 -118.7536   35.4209 -5.0139e-01  9.5000e-01  1.6993e-02  5.0000e-02  5.0000e-02  5.0000e-02  0.0000e+00  0.0000e+00  0.0000e+00       0.0       0.0      0281
 -118.7667   36.2314  2.8756e-01  9.6831e-01  1.6317e-02  5.0000e-02  5.0000e-02  5.0000e-02  0.0000e+00  0.0000e+00  0.0000e+00       0.0       0.0      0282
 -120.9700   35.6697 -4.2316e+00 -3.1878e+00  4.1955e-02  5.0000e-02  5.0000e-02  5.0000e-02  0.0000e+00  0.0000e+00  0.0000e+00       0.0       0.0      0283
 -117.3189   34.3046 -1.6246e+00 -9.6624e-02  1.4250e-02  5.0000e-02  5.0000e-02  5.0000e-02  0.0000e+00  0.0000e+00  0.0000e+00       0.0       0.0      0284
 -117.7290   34.5097 -1.4732e+00  1.4945e-01  5.1541e-02  5.0000e-02  5.0000e-02  5.0000e-02  0.0000e+00  0.0000e+00  0.0000e+00       0.0       0.0      0285
 -117.5434   34.9870 -1.0109e+00  4.0530e-02  3.5222e-02  5.0000e-02  5.0000e-02  5.0000e-02  0.0000e+00  0.0000e+00  0.0000e+00       0.0       0.0      0286
 -116.9516   33.8926 -7.6795e-01  3.3347e+00 -1.5765e-02  5.0000e-02  5.0000e-02  5.0000e-02  0.0000e+00  0.0000e+00  0.0000e+00       0.0       0.0      0287
 -117.2805   34.5348 -1.3956e+00 -2.1353e-01  1.6620e-02  5.0000e-02  5.0000e-02  5.0000e-02  0.0000e+00  0.0000e+00  0.0000e+00       0.0       0.0      0288
 -117.2676   34.7854 -1.1282e+00 -1.9435e-01  4.6934e-02  5.0000e-02  5.0000e-02  5.0000e-02  0.0000e+00  0.0000e+00  0.0000e+00       0.0       0.0      0289
 -117.1102   34.6207 -1.4223e+00 -3.0271e-01  4.0332e-03  5.0000e-02  5.0000e-02  5.0000e-02  0.0000e+00  0.0000e+00  0.0000e+00       0.0       0.0      0290
 -118.0165   35.1524 -7.4249e-01  4.2124e-01 -3.2485e-02  5.0000e-02  5.0000e-02  5.0000e-02  0.0000e+00  0.0000e+00  0.0000e+00       0.0       0.0      0291
 -117.3901   35.8967 -1.3666e-01 -1.8200e-01 -6.0964e-02  5.0000e-02  5.0000e-02  5.0000e-02  0.0000e+00  0.0000e+00  0.0000e+00       0.0       0.0      0292
 -117.4028   35.6976 -3.3413e-01 -1.0429e-01  8.3454e-03  5.0000e-02  5.0000e-02  5.0000e-02  0.0000e+00  0.0000e+00  0.0000e+00       0.0       0.0      0293
 -116.2119   33.8658 -2.1059e+00 -1.0038e+00  5.9412e-02  5.0000e-02  5.0000e-02  5.0000e-02  0.0000e+00  0.0000e+00  0.0000e+00       0.0       0.0      0294
 -116.8796   34.4621 -1.5085e+00 -4.1101e-01  8.5538e-03  5.0000e-02  5.0000e-02  5.0000e-02  0.0000e+00  0.0000e+00  0.0000e+00       0.0       0.0      0295
 -117.3155   34.1874 -1.3032e+00  2.7910e+00  1.4525e-03  5.0000e-02  5.0000e-02  5.0000e-02  0.0000e+00  0.0000e+00  0.0000e+00       0.0       0.0      0296
 -116.1039   35.1419 -7.8826e-01 -1.0818e+00  3.3987e-02  5.0000e-02  5.0000e-02  5.0000e-02  0.0000e+00  0.0000e+00  0.0000e+00       0.0       0.0      0297
 -115.5439   35.4728 -5.7247e-01 -1.5266e+00  4.7147e-02  5.0000e-02  5.0000e-02  5.0000e-02  0.0000e+00  0.0000e+00  0.0000e+00       0.0       0.0      0298
 -115.3659   35.1630 -8.3445e-01 -1.7147e+00 -4.2014e-02  5.0000e-02  5.0000e-02  5.0000e-02  0.0000e+00  0.0000e+00  0.0000e+00       0.0       0.0      0299
 -114.5994   34.1889 -1.7017e+00 -2.2300e+00  3.3251e-02  5.0000e-02  5.0000e-02  5.0000e-02  0.0000e+00  0.0000e+00  0.0000e+00       0.0       0.0      0300
 -115.2383   35.2911 -7.0818e-01 -1.8233e+00  3.4886e-03  5.0000e-02  5.0000e-02  5.0000e-02  0.0000e+00  0.0000e+00  0.0000e+00       0.0       0.0      0301
 -117.9226   34.5082 -1.3803e+00  4.3210e-01  6.3385e-02  5.0000e-02  5.0000e-02  5.0000e-02  0.0000e+00  0.0000e+00  0.0000e+00       0.0       0.0      0302
 -116.6864   36.9018  8.3600e-01 -5.9509e-01 -2.1104e-02  5.0000e-02  5.0000e-02  5.0000e-02  0.0000e+00  0.0000e+00  0.0000e+00       0.0       0.0      0303
 -117.6945   34.9254 -1.0527e+00  1.2529e-01 -2.1592e-02  5.0000e-02  5.0000e-02  5.0000e-02  0.0000e+00  0.0000e+00  0.0000e+00       0.0       0.0      0304
 -116.4582   33.6122 -2.8897e-01  4.1324e+00  5.7181e-02  5.0000e-02  5.0000e-02  5.0000e-02  0.0000e+00  0.0000e+00  0.0000e+00       0.0       0.0      0305
 -116.4576   33.6121 -1.2579e-01  4.1446e+00 -2.5132e-02  5.0000e-02  5.0000e-02  5.0000e-02  0.0000e+00  0.0000e+00  0.0000e+00       0.0       0.0      0306
 -120.5416   35.9452 -4.7287e+00 -2.4963e+00 -1.2145e-02  5.0000e-02  5.0000e-02  5.0000e-02  0.0000e+00  0.0000e+00  0.0000e+00       0.0       0.0      0307
 -118.2329   34.0716 -1.0921e+00  1.2760e+00  1.2902e-02  5.0000e-02  5.0000e-02  5.0000e-02  0.0000e+00  0.0000e+00  0.0000e+00       0.0       0.0      0308
 -117.2430   32.6654  1.7116e+00  2.8698e+00 -3.0864e-02  5.0000e-02  5.0000e-02  5.0000e-02  0.0000e+00  0.0000e+00  0.0000e+00       0.0       0.0      0309
 -118.1537   33.9026 -8.2964e-01  1.3062e+00  5.2078e-03  5.0000e-02  5.0000e-02  5.0000e-02  0.0000e+00  0.0000e+00  0.0000e+00       0.0       0.0      0310
 -116.8595   33.3572  4.1411e-01  3.3842e+00 -6.6542e-03  5.0000e-02  5.0000e-02  5.0000e-02  0.0000e+00  0.0000e+00  0.0000e+00       0.0       0.0      0311
 -119.0569   37.8314  1.7676e+00  1.2098e+00  2.1219e-02  5.0000e-02  5.0000e-02  5.0000e-02  0.0000e+00  0.0000e+00  0.0000e+00       0.0       0.0      0312
 -116.1198   36.5796  5.8966e-01 -1.2230e+00 -1.8585e-02  5.0000e-02  5.0000e-02  5.0000e-02  0.0000e+00  0.0000e+00  0.0000e+00       0.0       0.0      0313
 -120.4784   35.9199 -4.6412e+00 -2.4794e+00  2.4634e-02  5.0000e-02  5.0000e-02  5.0000e-02  0.0000e+00  0.0000e+00  0.0000e+00       0.0       0.0      0314
 -117.1821   33.8357 -6.6582e-01  2.9620e+00  7.3390e-03  5.0000e-02  5.0000e-02  5.0000e-02  0.0000e+00  0.0000e+00  0.0000e+00       0.0       0.0      0315
 -116.4940   33.8192 -5.0697e-01  4.0916e+00  7.7044e-02  5.0000e-02  5.0000e-02  5.0000e-02  0.0000e+00  0.0000e+00  0.0000e+00       0.0       0.0      0316
 -117.8071   34.0918 -1.1397e+00  1.8245e+00  5.3683e-02  5.0000e-02  5.0000e-02  5.0000e-02  0.0000e+00  0.0000e+00  0.0000e+00       0.0       0.0      0317
 -118.4043   33.7433 -4.7066e-01  9.7075e-01  9.5534e-02  5.0000e-02  5.0000e-02  5.0000e-02  0.0000e+00  0.0000e+00  0.0000e+00       0.0       0.0      0318
 -118.3722   33.7795 -5.4108e-01  1.0028e+00 -7.6301e-02  5.0000e-02  5.0000e-02  5.0000e-02  0.0000e+00  0.0000e+00  0.0000e+00       0.0       0.0      0319
 -118.3206   33.7739 -5.2657e-01  1.0932e+00 -3.8718e-02  5.0000e-02  5.0000e-02  5.0000e-02  0.0000e+00  0.0000e+00  0.0000e+00       0.0       0.0      0320
 -118.2448   34.6287 -1.2171e+00  5.3215e-01  5.1407e-02  5.0000e-02  5.0000e-02  5.0000e-02  0.0000e+00  0.0000e+00  0.0000e+00       0.0       0.0      0321
 -116.9172   33.0422  9.1066e-01  3.3891e+00  1.6655e-02  5.0000e-02  5.0000e-02  5.0000e-02  0.0000e+00  0.0000e+00  0.0000e+00       0.0       0.0      0322
 -117.6833   35.3387 -7.0036e-01  2.0554e-01  6.9325e-02  5.0000e-02  5.0000e-02  5.0000e-02  0.0000e+00  0.0000e+00  0.0000e+00       0.0       0.0      0323
 -119.7200   34.5000 -2.0733e+00 -1.1836e+00  1.9905e-02  5.0000e-02  5.0000e-02  5.0000e-02  0.0000e+00  0.0000e+00  0.0000e+00       0.0       0.0      0324
 -116.6247   34.6439 -1.3474e+00 -6.3173e-01 -1.1521e-01  5.0000e-02  5.0000e-02  5.0000e-02  0.0000e+00  0.0000e+00  0.0000e+00       0.0       0.0      0325
 -118.8979   37.6771  1.5968e+00  1.1567e+00 -3.7295e-02  5.0000e-02  5.0000e-02  5.0000e-02  0.0000e+00  0.0000e+00  0.0000e+00       0.0       0.0      0326
 -116.5543   36.7154  6.7900e-01 -7.4542e-01  1.3560e-02  5.0000e-02  5.0000e-02  5.0000e-02  0.0000e+00  0.0000e+00  0.0000e+00       0.0       0.0      0327
 -116.4683   36.8404  8.7482e-01 -7.5795e-01 -2.7370e-02  5.0000e-02  5.0000e-02  5.0000e-02  0.0000e+00  0.0000e+00  0.0000e+00       0.0       0.0      0328
 -118.0262   34.0190 -9.9114e-01  1.5980e+00 -2.4778e-03  5.0000e-02  5.0000e-02  5.0000e-02  0.0000e+00  0.0000e+00  0.0000e+00       0.0       0.0      0329
 -120.5248   35.9000 -4.6096e+00 -2.4418e+00 -1.1662e-02  5.0000e-02  5.0000e-02  5.0000e-02  0.0000e+00  0.0000e+00  0.0000e+00       0.0       0.0      0330
 -116.6098   33.6110 -2.5356e-01  3.8157e+00  5.5507e-02  5.0000e-02  5.0000e-02  5.0000e-02  0.0000e+00  0.0000e+00  0.0000e+00       0.0       0.0      0331
 -118.6764   34.2357 -1.3496e+00  4.8777e-01 -2.2628e-02  5.0000e-02  5.0000e-02  5.0000e-02  0.0000e+00  0.0000e+00  0.0000e+00       0.0       0.0      0332
 -117.0855   36.2179  2.3439e-01 -3.4152e-01 -8.8212e-03  5.0000e-02  5.0000e-02  5.0000e-02  0.0000e+00  0.0000e+00  0.0000e+00       0.0       0.0      0333
 -118.1929   34.8751 -1.0551e+00  6.1041e-01  5.5696e-02  5.0000e-02  5.0000e-02  5.0000e-02  0.0000e+00  0.0000e+00  0.0000e+00       0.0       0.0      0334
 -119.1844   34.5415 -2.0049e+00 -3.2564e-01 -7.7638e-02  5.0000e-02  5.0000e-02  5.0000e-02  0.0000e+00  0.0000e+00  0.0000e+00       0.0       0.0      0335
 -117.3533   34.0891 -1.0832e+00  2.6637e+00 -5.1640e-03  5.0000e-02  5.0000e-02  5.0000e-02  0.0000e+00  0.0000e+00  0.0000e+00       0.0       0.0      0336
 -116.6501   36.3163  2.6148e-01 -5.9044e-01 -1.2985e-02  5.0000e-02  5.0000e-02  5.0000e-02  0.0000e+00  0.0000e+00  0.0000e+00       0.0       0.0      0337
 -121.5583   37.6665  1.5826e+00  3.1369e+00 -1.4804e-02  5.0000e-02  5.0000e-02  5.0000e-02  0.0000e+00  0.0000e+00  0.0000e+00       0.0       0.0      0338
 -117.8956   33.7432 -5.2081e-01  1.8165e+00 -3.2930e-03  5.0000e-02  5.0000e-02  5.0000e-02  0.0000e+00  0.0000e+00  0.0000e+00       0.0       0.0      0339
 -121.4472   36.7653 -6.2700e+00 -3.8736e+00  5.4366e-02  5.0000e-02  5.0000e-02  5.0000e-02  0.0000e+00  0.0000e+00  0.0000e+00       0.0       0.0      0340
 -118.9532   37.6899  1.7004e+00  1.1321e+00 -7.9230e-02  5.0000e-02  5.0000e-02  5.0000e-02  0.0000e+00  0.0000e+00  0.0000e+00       0.0       0.0      0341
 -117.6615   33.5530 -8.7783e-02  2.1238e+00 -3.1842e-02  5.0000e-02  5.0000e-02  5.0000e-02  0.0000e+00  0.0000e+00  0.0000e+00       0.0       0.0      0342
 -117.3883   34.6074 -1.2973e+00 -9.8321e-02 -4.1957e-02  5.0000e-02  5.0000e-02  5.0000e-02  0.0000e+00  0.0000e+00  0.0000e+00       0.0       0.0      0343
 -118.4879   32.9144  1.1183e+00  8.2074e-01 -7.4976e-02  5.0000e-02  5.0000e-02  5.0000e-02  0.0000e+00  0.0000e+00  0.0000e+00       0.0       0.0      0344
 -117.6346   33.4441  4.7857e-02  2.2453e+00 -6.3834e-02  5.0000e-02  5.0000e-02  5.0000e-02  0.0000e+00  0.0000e+00  0.0000e+00       0.0       0.0      0345
 -116.2789   34.2550 -1.6983e+00 -9.1626e-01  5.7268e-02  5.0000e-02  5.0000e-02  5.0000e-02  0.0000e+00  0.0000e+00  0.0000e+00       0.0       0.0      0346
 -118.7545   34.4598 -1.8724e+00  3.3746e-01  3.5810e-02  5.0000e-02  5.0000e-02  5.0000e-02  0.0000e+00  0.0000e+00  0.0000e+00       0.0       0.0      0347
 -117.8617   34.2056 -1.2657e+00  1.8141e+00  5.3333e-02  5.0000e-02  5.0000e-02  5.0000e-02  0.0000e+00  0.0000e+00  0.0000e+00       0.0       0.0      0348
 -118.1090   34.0886 -1.0685e+00  1.4105e+00  1.0613e-02  5.0000e-02  5.0000e-02  5.0000e-02  0.0000e+00  0.0000e+00  0.0000e+00       0.0       0.0      0349
 -116.6957   33.9125 -7.3830e-01  3.6906e+00 -1.0595e-01  5.0000e-02  5.0000e-02  5.0000e-02  0.0000e+00  0.0000e+00  0.0000e+00       0.0       0.0      0350
 -116.2990   35.9713 -4.9854e-02 -9.4741e-01  2.0166e-02  5.0000e-02  5.0000e-02  5.0000e-02  0.0000e+00  0.0000e+00  0.0000e+00       0.0       0.0      0351
 -116.0156   34.6243 -1.4180e+00 -1.1614e+00 -1.1759e-01  5.0000e-02  5.0000e-02  5.0000e-02  0.0000e+00  0.0000e+00  0.0000e+00       0.0       0.0      0352
 -118.2639   34.1029 -1.2391e+00  1.2510e+00 -1.8310e-02  5.0000e-02  5.0000e-02  5.0000e-02  0.0000e+00  0.0000e+00  0.0000e+00       0.0       0.0      0353
 -117.2504   32.8647  1.2765e+00  2.7538e+00  8.5585e-02  5.0000e-02  5.0000e-02  5.0000e-02  0.0000e+00  0.0000e+00  0.0000e+00       0.0       0.0      0354
 -117.2497   32.8407  1.3777e+00  2.8850e+00 -6.2376e-02  5.0000e-02  5.0000e-02  5.0000e-02  0.0000e+00  0.0000e+00  0.0000e+00       0.0       0.0      0355
 -116.2106   36.7305  6.6547e-01 -1.1189e+00  3.5534e-02  5.0000e-02  5.0000e-02  5.0000e-02  0.0000e+00  0.0000e+00  0.0000e+00       0.0       0.0      0356
 -115.9778   33.2922  4.5129e-01  4.8992e+00  3.0558e-02  5.0000e-02  5.0000e-02  5.0000e-02  0.0000e+00  0.0000e+00  0.0000e+00       0.0       0.0      0357
 -115.5875   36.3196  3.2441e-01 -1.6110e+00 -5.1096e-02  5.0000e-02  5.0000e-02  5.0000e-02  0.0000e+00  0.0000e+00  0.0000e+00       0.0       0.0      0358
 -117.9286   33.9273 -8.7310e-01  1.6694e+00  1.2508e-02  5.0000e-02  5.0000e-02  5.0000e-02  0.0000e+00  0.0000e+00  0.0000e+00       0.0       0.0      0359
 -119.5244   33.2479  4.8197e-01 -8.8748e-01  1.1007e-01  5.0000e-02  5.0000e-02  5.0000e-02  0.0000e+00  0.0000e+00  0.0000e+00       0.0       0.0      0360
 -121.9255   37.1664  1.0956e+00  3.4871e+00 -5.1194e-02  5.0000e-02  5.0000e-02  5.0000e-02  0.0000e+00  0.0000e+00  0.0000e+00       0.0       0.0      0361
 -119.0643   34.3199 -1.6135e+00 -1.3636e-01  8.7279e-02  5.0000e-02  5.0000e-02  5.0000e-02  0.0000e+00  0.0000e+00  0.0000e+00       0.0       0.0      0362
 -118.6462   34.0593 -1.1735e+00  5.7110e-01  6.9722e-02  5.0000e-02  5.0000e-02  5.0000e-02  0.0000e+00  0.0000e+00  0.0000e+00       0.0       0.0      0363
 -117.8488   33.9927 -9.1501e-01  1.9050e+00  8.4631e-02  5.0000e-02  5.0000e-02  5.0000e-02  0.0000e+00  0.0000e+00  0.0000e+00       0.0       0.0      0364
 -120.0652   34.0043 -9.4921e-01 -1.7663e+00  6.5143e-02  5.0000e-02  5.0000e-02  5.0000e-02  0.0000e+00  0.0000e+00  0.0000e+00       0.0       0.0      0365
 -116.3378   36.6446  6.8413e-01 -8.8962e-01 -5.9480e-02  5.0000e-02  5.0000e-02  5.0000e-02  0.0000e+00  0.0000e+00  0.0000e+00       0.0       0.0      0366
 -117.6783   34.3818 -1.7676e+00  2.1612e+00 -1.5908e-02  5.0000e-02  5.0000e-02  5.0000e-02  0.0000e+00  0.0000e+00  0.0000e+00       0.0       0.0      0367
 -116.5743   36.9316  9.2332e-01 -5.9665e-01 -3.2456e-03  5.0000e-02  5.0000e-02  5.0000e-02  0.0000e+00  0.0000e+00  0.0000e+00       0.0       0.0      0368
 -120.3603   35.9174 -1.0626e-01  2.2189e+00 -3.8018e-02  5.0000e-02  5.0000e-02  5.0000e-02  0.0000e+00  0.0000e+00  0.0000e+00       0.0       0.0      0369
 -121.9355   37.3515  1.2119e+00  3.5505e+00 -6.0855e-03  5.0000e-02  5.0000e-02  5.0000e-02  0.0000e+00  0.0000e+00  0.0000e+00       0.0       0.0      0370
 -118.4146   35.1582 -7.5145e-01  7.2127e-01  2.4921e-02  5.0000e-02  5.0000e-02  5.0000e-02  0.0000e+00  0.0000e+00  0.0000e+00       0.0       0.0      0371
 -118.8629   37.6189  1.5394e+00  1.0103e+00 -5.8749e-02  5.0000e-02  5.0000e-02  5.0000e-02  0.0000e+00  0.0000e+00  0.0000e+00       0.0       0.0      0372
 -116.2297   36.9348  8.7310e-01 -9.6733e-01  2.7820e-02  5.0000e-02  5.0000e-02  5.0000e-02  0.0000e+00  0.0000e+00  0.0000e+00       0.0       0.0      0373
 -120.1326   34.4835 -1.8518e+00 -1.8268e+00  1.8782e-02  5.0000e-02  5.0000e-02  5.0000e-02  0.0000e+00  0.0000e+00  0.0000e+00       0.0       0.0      0374
 -116.1605   33.6412 -1.6126e-01  4.6316e+00  6.3315e-02  5.0000e-02  5.0000e-02  5.0000e-02  0.0000e+00  0.0000e+00  0.0000e+00       0.0       0.0      0375
 -118.3306   33.7978 -7.1327e-01  1.1695e+00 -8.8543e-02  5.0000e-02  5.0000e-02  5.0000e-02  0.0000e+00  0.0000e+00  0.0000e+00       0.0       0.0      0376
 -118.8367   34.2480 -1.4314e+00  2.7434e-01 -2.4848e-02  5.0000e-02  5.0000e-02  5.0000e-02  0.0000e+00  0.0000e+00  0.0000e+00       0.0       0.0      0377
 -117.8034   33.6179 -1.5157e-01  1.9271e+00  7.8858e-03  5.0000e-02  5.0000e-02  5.0000e-02  0.0000e+00  0.0000e+00  0.0000e+00       0.0       0.0      0378
 -116.5305   34.8386 -1.0896e+00 -7.5309e-01  5.1073e-02  5.0000e-02  5.0000e-02  5.0000e-02  0.0000e+00  0.0000e+00  0.0000e+00       0.0       0.0      0379
 -117.7255   33.9725 -9.5396e-01  1.9839e+00  9.8340e-03  5.0000e-02  5.0000e-02  5.0000e-02  0.0000e+00  0.0000e+00  0.0000e+00       0.0       0.0      0380
 -118.4419   34.0691 -1.1418e+00  8.6335e-01  1.0299e-01  5.0000e-02  5.0000e-02  5.0000e-02  0.0000e+00  0.0000e+00  0.0000e+00       0.0       0.0      0381
 -119.8438   34.4133 -1.8073e+00 -1.4593e+00 -5.7266e-03  5.0000e-02  5.0000e-02  5.0000e-02  0.0000e+00  0.0000e+00  0.0000e+00       0.0       0.0      0382
 -118.2851   34.0239 -1.0431e+00  1.2062e+00 -9.8007e-02  5.0000e-02  5.0000e-02  5.0000e-02  0.0000e+00  0.0000e+00  0.0000e+00       0.0       0.0      0383
 -116.0853   33.0301  1.0691e+00  4.7960e+00  1.5392e-02  5.0000e-02  5.0000e-02  5.0000e-02  0.0000e+00  0.0000e+00  0.0000e+00       0.0       0.0      0384
 -120.6611   35.3118 -3.5126e+00 -2.7144e+00 -1.7472e-02  5.0000e-02  5.0000e-02  5.0000e-02  0.0000e+00  0.0000e+00  0.0000e+00       0.0       0.0      0385
 -120.5635   34.8266 -2.4371e+00 -2.5638e+00  9.0660e-02  5.0000e-02  5.0000e-02  5.0000e-02  0.0000e+00  0.0000e+00  0.0000e+00       0.0       0.0      0386
 -119.4839   34.8515 -2.6852e+00 -7.7943e-01 -1.3122e-02  5.0000e-02  5.0000e-02  5.0000e-02  0.0000e+00  0.0000e+00  0.0000e+00       0.0       0.0      0387
 -118.2200   34.1786 -1.3016e+00  1.1512e+00  3.8096e-02  5.0000e-02  5.0000e-02  5.0000e-02  0.0000e+00  0.0000e+00  0.0000e+00       0.0       0.0      0388
 -118.5144   34.1264 -1.1585e+00  8.2040e-01  3.5022e-03  5.0000e-02  5.0000e-02  5.0000e-02  0.0000e+00  0.0000e+00  0.0000e+00       0.0       0.0      0389
 -119.2377   34.2758 -1.4661e+00 -2.7434e-01  5.2744e-02  5.0000e-02  5.0000e-02  5.0000e-02  0.0000e+00  0.0000e+00  0.0000e+00       0.0       0.0      0390
 -118.4845   34.2932 -1.4682e+00  8.6832e-01 -4.5245e-02  5.0000e-02  5.0000e-02  5.0000e-02  0.0000e+00  0.0000e+00  0.0000e+00       0.0       0.0      0391
 -120.6164   34.5563 -1.9867e+00 -2.6324e+00 -4.9816e-02  5.0000e-02  5.0000e-02  5.0000e-02  0.0000e+00  0.0000e+00  0.0000e+00       0.0       0.0      0392
 -118.1212   34.5015 -1.9555e+00  1.4905e+00 -1.0346e-02  5.0000e-02  5.0000e-02  5.0000e-02  0.0000e+00  0.0000e+00  0.0000e+00       0.0       0.0      0393
 -118.2938   33.7126 -4.0715e-01  1.0461e+00 -4.5434e-02  5.0000e-02  5.0000e-02  5.0000e-02  0.0000e+00  0.0000e+00  0.0000e+00       0.0       0.0      0394
 -117.9920   34.0309 -9.7903e-01  1.7240e+00  3.3314e-02  5.0000e-02  5.0000e-02  5.0000e-02  0.0000e+00  0.0000e+00  0.0000e+00       0.0       0.0      0395
 -118.6539   37.6643  1.5667e+00  9.0188e-01 -7.5850e-02  5.0000e-02  5.0000e-02  5.0000e-02  0.0000e+00  0.0000e+00  0.0000e+00       0.0       0.0      0396
 -117.9111   34.0619 -9.7063e-01  1.7862e+00 -4.0056e-02  5.0000e-02  5.0000e-02  5.0000e-02  0.0000e+00  0.0000e+00  0.0000e+00       0.0       0.0      0397
 -118.9837   35.0108 -9.4643e-01  1.1851e+00 -6.3972e-05  5.0000e-02  5.0000e-02  5.0000e-02  0.0000e+00  0.0000e+00  0.0000e+00       0.0       0.0      0398
 -118.0312   33.9799 -8.8347e-01  1.5874e+00  1.2659e-02  5.0000e-02  5.0000e-02  5.0000e-02  0.0000e+00  0.0000e+00  0.0000e+00       0.0       0.0      0399
 -117.6435   33.6745 -3.5925e-01  2.1519e+00  5.9482e-02  5.0000e-02  5.0000e-02  5.0000e-02  0.0000e+00  0.0000e+00  0.0000e+00       0.0       0.0      0400
 -116.3918   33.9348 -2.0720e+00 -8.7632e-01  5.7649e-02  5.0000e-02  5.0000e-02  5.0000e-02  0.0000e+00  0.0000e+00  0.0000e+00       0.0       0.0      0401
 -118.7415   34.5685 -2.0871e+00  3.8979e-01 -1.8141e-03  5.0000e-02  5.0000e-02  5.0000e-02  0.0000e+00  0.0000e+00  0.0000e+00       0.0       0.0      0402
 -118.0559   34.2261 -1.4977e+00  1.4838e+00 -1.9086e-02  5.0000e-02  5.0000e-02  5.0000e-02  0.0000e+00  0.0000e+00  0.0000e+00       0.0       0.0      0403
 -118.4143   34.2594 -1.4430e+00  1.0118e+00  1.9485e-02  5.0000e-02  5.0000e-02  5.0000e-02  0.0000e+00  0.0000e+00  0.0000e+00       0.0       0.0      0404
 -118.0593   34.0432 -1.0458e+00  1.3421e+00  7.9709e-03  5.0000e-02  5.0000e-02  5.0000e-02  0.0000e+00  0.0000e+00  0.0000e+00       0.0       0.0      0405
 -116.9317   34.6690 -1.2418e+00 -3.9405e-01  2.0075e-02  5.0000e-02  5.0000e-02  5.0000e-02  0.0000e+00  0.0000e+00  0.0000e+00       0.0       0.0      0406
 -118.4276   33.9582 -8.1192e-01  8.8530e-01 -6.5753e-02  5.0000e-02  5.0000e-02  5.0000e-02  0.0000e+00  0.0000e+00  0.0000e+00       0.0       0.0      0407
 -116.6539   33.9553 -8.3293e-01  3.8111e+00  7.8088e-02  5.0000e-02  5.0000e-02  5.0000e-02  0.0000e+00  0.0000e+00  0.0000e+00       0.0       0.0      0408
