    -30.000000    -75.000000 -3.743529e+16 -3.743529e+16 -1.954625e+16  0.000000e+00  0.000000e+00  0.000000e+00
    -30.000000    -60.000000 -3.973692e+16 -3.973692e+16 -5.177966e+15  0.000000e+00  0.000000e+00  0.000000e+00
    -30.000000    -45.000000 -3.933055e+16 -3.933055e+16  9.543192e+15  0.000000e+00  0.000000e+00  0.000000e+00
    -30.000000    -30.000000 -3.624387e+16 -3.624387e+16  2.361400e+16  0.000000e+00  0.000000e+00  0.000000e+00
    -30.000000    -15.000000 -3.068723e+16 -3.068723e+16  3.607555e+16  0.000000e+00  0.000000e+00  0.000000e+00
    -30.000000      0.000000 -2.303930e+16 -2.303930e+16  4.607861e+16  0.000000e+00  0.000000e+00  0.000000e+00
    -30.000000     15.000000 -1.382129e+16 -1.382129e+16  5.294149e+16  0.000000e+00  0.000000e+00  0.000000e+00
    -30.000000     30.000000 -3.661375e+15 -3.661375e+15  5.619649e+16  0.000000e+00  0.000000e+00  0.000000e+00
    -30.000000     45.000000  6.748056e+15  6.748056e+15  5.562180e+16  0.000000e+00  0.000000e+00  0.000000e+00
    -30.000000     60.000000  1.669762e+16  1.669762e+16  5.125657e+16  0.000000e+00  0.000000e+00  0.000000e+00
    -30.000000     75.000000  2.550926e+16  2.550926e+16  4.339830e+16  0.000000e+00  0.000000e+00  0.000000e+00
    -15.000000    -75.000000 -3.455896e+16 -3.990525e+16 -1.995262e+16  0.000000e+00  0.000000e+00  0.000000e+00
    -15.000000    -60.000000 -3.418028e+16 -4.450852e+16 -5.963011e+15  0.000000e+00  0.000000e+00  0.000000e+00
    -15.000000    -45.000000 -3.147228e+16 -4.607861e+16  8.432971e+15  0.000000e+00  0.000000e+00  0.000000e+00
    -15.000000    -30.000000 -2.661949e+16 -4.450852e+16  2.225426e+16  0.000000e+00  0.000000e+00  0.000000e+00
    -15.000000    -15.000000 -1.995262e+16 -3.990525e+16  3.455896e+16  0.000000e+00  0.000000e+00  0.000000e+00
    -15.000000      0.000000 -1.192602e+16 -3.258250e+16  4.450852e+16  0.000000e+00  0.000000e+00  0.000000e+00
    -15.000000     15.000000 -3.086682e+15 -2.303930e+16  5.142490e+16  0.000000e+00  0.000000e+00  0.000000e+00
    -15.000000     30.000000  5.963011e+15 -1.192602e+16  5.483676e+16  0.000000e+00  0.000000e+00  0.000000e+00
    -15.000000     45.000000  1.460633e+16  0.000000e+00  5.451158e+16  0.000000e+00  0.000000e+00  0.000000e+00
    -15.000000     60.000000  2.225426e+16  1.192602e+16  5.047153e+16  0.000000e+00  0.000000e+00  0.000000e+00
    -15.000000     75.000000  2.838559e+16  2.303930e+16  4.299193e+16  0.000000e+00  0.000000e+00  0.000000e+00
      0.000000    -75.000000 -3.147228e+16 -4.180051e+16 -2.114404e+16  0.000000e+00  0.000000e+00  0.000000e+00
      0.000000    -60.000000 -2.821727e+16 -4.816989e+16 -8.264647e+15  0.000000e+00  0.000000e+00  0.000000e+00
      0.000000    -45.000000 -2.303930e+16 -5.125657e+16  5.177966e+15  0.000000e+00  0.000000e+00  0.000000e+00
      0.000000    -30.000000 -1.629125e+16 -5.085021e+16  1.826771e+16  0.000000e+00  0.000000e+00  0.000000e+00
      0.000000    -15.000000 -8.432971e+15 -4.697848e+16  3.011254e+16  0.000000e+00  0.000000e+00  0.000000e+00
      0.000000      0.000000  0.000000e+00 -3.990525e+16  3.990525e+16  0.000000e+00  0.000000e+00  0.000000e+00
      0.000000     15.000000  8.432971e+15 -3.011254e+16  4.697848e+16  0.000000e+00  0.000000e+00  0.000000e+00
      0.000000     30.000000  1.629125e+16 -1.826771e+16  5.085021e+16  0.000000e+00  0.000000e+00  0.000000e+00
      0.000000     45.000000  2.303930e+16 -5.177966e+15  5.125657e+16  0.000000e+00  0.000000e+00  0.000000e+00
      0.000000     60.000000  2.821727e+16  8.264647e+15  4.816989e+16  0.000000e+00  0.000000e+00  0.000000e+00
      0.000000     75.000000  3.147228e+16  2.114404e+16  4.180051e+16  0.000000e+00  0.000000e+00  0.000000e+00
     15.000000    -75.000000 -2.838559e+16 -4.299193e+16 -2.303930e+16  0.000000e+00  0.000000e+00  0.000000e+00
     15.000000    -60.000000 -2.225426e+16 -5.047153e+16 -1.192602e+16  0.000000e+00  0.000000e+00  0.000000e+00
     15.000000    -45.000000 -1.460633e+16 -5.451158e+16  0.000000e+00  0.000000e+00  0.000000e+00  0.000000e+00
     15.000000    -30.000000 -5.963011e+15 -5.483676e+16  1.192602e+16  0.000000e+00  0.000000e+00  0.000000e+00
     15.000000    -15.000000  3.086682e+15 -5.142490e+16  2.303930e+16  0.000000e+00  0.000000e+00  0.000000e+00
     15.000000      0.000000  1.192602e+16 -4.450852e+16  3.258250e+16  0.000000e+00  0.000000e+00  0.000000e+00
     15.000000     15.000000  1.995262e+16 -3.455896e+16  3.990525e+16  0.000000e+00  0.000000e+00  0.000000e+00
     15.000000     30.000000  2.661949e+16 -2.225426e+16  4.450852e+16  0.000000e+00  0.000000e+00  0.000000e+00
     15.000000     45.000000  3.147228e+16 -8.432971e+15  4.607861e+16  0.000000e+00  0.000000e+00  0.000000e+00
     15.000000     60.000000  3.418028e+16  5.963011e+15  4.450852e+16  0.000000e+00  0.000000e+00  0.000000e+00
     15.000000     75.000000  3.455896e+16  1.995262e+16  3.990525e+16  0.000000e+00  0.000000e+00  0.000000e+00
     30.000000    -75.000000 -2.550926e+16 -4.339830e+16 -2.550926e+16  0.000000e+00  0.000000e+00  0.000000e+00
     30.000000    -60.000000 -1.669762e+16 -5.125657e+16 -1.669762e+16  0.000000e+00  0.000000e+00  0.000000e+00
     30.000000    -45.000000 -6.748056e+15 -5.562180e+16 -6.748056e+15  0.000000e+00  0.000000e+00  0.000000e+00
     30.000000    -30.000000  3.661375e+15 -5.619649e+16  3.661375e+15  0.000000e+00  0.000000e+00  0.000000e+00
     30.000000    -15.000000  1.382129e+16 -5.294149e+16  1.382129e+16  0.000000e+00  0.000000e+00  0.000000e+00
     30.000000      0.000000  2.303930e+16 -4.607861e+16  2.303930e+16  0.000000e+00  0.000000e+00  0.000000e+00
     30.000000     15.000000  3.068723e+16 -3.607555e+16  3.068723e+16  0.000000e+00  0.000000e+00  0.000000e+00
     30.000000     30.000000  3.624387e+16 -2.361400e+16  3.624387e+16  0.000000e+00  0.000000e+00  0.000000e+00
     30.000000     45.000000  3.933055e+16 -9.543192e+15  3.933055e+16  0.000000e+00  0.000000e+00  0.000000e+00
     30.000000     60.000000  3.973692e+16  5.177966e+15  3.973692e+16  0.000000e+00  0.000000e+00  0.000000e+00
     30.000000     75.000000  3.743529e+16  1.954625e+16  3.743529e+16  0.000000e+00  0.000000e+00  0.000000e+00
      0.000000    -89.999000 -3.258250e+16 -3.258319e+16 -3.258180e+16  0.000000e+00  0.000000e+00  0.000000e+00
      0.000000     89.999000  3.258250e+16  3.258180e+16  3.258319e+16  0.000000e+00  0.000000e+00  0.000000e+00
