    -30.000000    -75.000000 -2.217449e+16 -3.688321e+16 -3.535913e+16 -2.902600e+15  5.628842e+15 -1.070604e+15
    -30.000000    -60.000000 -1.025532e+16 -3.867040e+16 -3.572609e+16 -5.607392e+15  1.087409e+16 -2.068249e+15
    -30.000000    -45.000000  2.362723e+15 -3.782226e+16 -3.365838e+16 -7.930050e+15  1.537828e+16 -2.924945e+15
    -30.000000    -30.000000  1.481975e+16 -3.439660e+16 -2.929690e+16 -9.712288e+15  1.883447e+16 -3.582312e+15
    -30.000000    -15.000000  2.626684e+16 -2.862686e+16 -2.293889e+16 -1.083265e+16  2.100713e+16 -3.995550e+15
    -30.000000      0.000000  3.592389e+16 -2.090626e+16 -1.501764e+16 -1.121478e+16  2.174818e+16 -4.136497e+15
    -30.000000     15.000000  4.313279e+16 -1.176092e+16 -6.072952e+15 -1.083265e+16  2.100713e+16 -3.995550e+15
    -30.000000     30.000000  4.740225e+16 -1.814100e+15  3.285594e+15 -9.712288e+15  1.883447e+16 -3.582312e+15
    -30.000000     45.000000  4.844133e+16  8.256349e+15  1.242023e+16 -7.930050e+15  1.537828e+16 -2.924945e+15
    -30.000000     60.000000  4.617922e+16  1.776414e+16  2.070845e+16 -5.607392e+15  1.087409e+16 -2.068249e+15
    -30.000000     75.000000  4.077006e+16  2.606134e+16  2.758543e+16 -2.902600e+15  5.628842e+15 -1.070604e+15
    -15.000000    -75.000000 -2.209970e+16 -3.817377e+16 -3.414335e+16 -2.301965e+15  4.634078e+15 -3.154978e+15
    -15.000000    -60.000000 -1.011085e+16 -4.116357e+16 -3.337739e+16 -4.447055e+15  8.952351e+15 -6.094950e+15
    -15.000000    -45.000000  2.567035e+15 -4.134813e+16 -3.033682e+16 -6.289085e+15  1.266054e+16 -8.619561e+15
    -15.000000    -30.000000  1.506998e+16 -3.871489e+16 -2.522884e+16 -7.702525e+15  1.550593e+16 -1.055676e+16
    -15.000000    -15.000000  2.654594e+16 -3.344329e+16 -1.840156e+16 -8.591050e+15  1.729461e+16 -1.177454e+16
    -15.000000      0.000000  3.621283e+16 -2.589259e+16 -1.032024e+16 -8.894110e+15  1.790470e+16 -1.218990e+16
    -15.000000     15.000000  4.341188e+16 -1.657735e+16 -1.535618e+15 -8.591050e+15  1.729461e+16 -1.177454e+16
    -15.000000     30.000000  4.765248e+16 -6.132393e+15  7.353657e+15 -7.702525e+15  1.550593e+16 -1.055676e+16
    -15.000000     45.000000  4.864564e+16  4.730478e+15  1.574179e+16 -6.289085e+15  1.266054e+16 -8.619561e+15
    -15.000000     60.000000  4.632369e+16  1.527097e+16  2.305715e+16 -4.447055e+15  8.952351e+15 -6.094950e+15
    -15.000000     75.000000  4.084485e+16  2.477078e+16  2.880120e+16 -2.301965e+15  4.634078e+15 -3.154978e+15
      0.000000    -75.000000 -2.266365e+16 -3.900763e+16 -3.274555e+16 -1.544455e+15  3.323509e+15 -5.024346e+15
      0.000000    -60.000000 -1.120031e+16 -4.277446e+16 -3.067704e+16 -2.983658e+15  6.420526e+15 -9.706290e+15
      0.000000    -45.000000  1.026317e+15 -4.362629e+16 -2.651795e+16 -4.219530e+15  9.079995e+15 -1.372677e+16
      0.000000    -30.000000  1.318300e+16 -4.150505e+16 -2.055170e+16 -5.167848e+15  1.112068e+16 -1.681179e+16
      0.000000    -15.000000  2.444128e+16 -3.655531e+16 -1.318488e+16 -5.763985e+15  1.240350e+16 -1.875111e+16
      0.000000      0.000000  3.403393e+16 -2.911439e+16 -4.919541e+15 -5.967316e+15  1.284105e+16 -1.941258e+16
      0.000000     15.000000  4.130722e+16 -1.968937e+16  3.681060e+15 -5.763985e+15  1.240350e+16 -1.875111e+16
      0.000000     30.000000  4.576550e+16 -8.922551e+15  1.203080e+16 -5.167848e+15  1.112068e+16 -1.681179e+16
      0.000000     45.000000  4.710493e+16  2.452323e+15  1.956066e+16 -4.219530e+15  9.079995e+15 -1.372677e+16
      0.000000     60.000000  4.523423e+16  1.366008e+16  2.575750e+16 -2.983658e+15  6.420526e+15 -9.706290e+15
      0.000000     75.000000  4.028090e+16  2.393692e+16  3.019900e+16 -1.544455e+15  3.323509e+15 -5.024346e+15
     15.000000    -75.000000 -2.382788e+16 -3.932797e+16 -3.126097e+16 -6.816932e+14  1.786448e+15 -6.551312e+15
     15.000000    -60.000000 -1.344944e+16 -4.339331e+16 -2.780906e+16 -1.316930e+15  3.451153e+15 -1.265616e+16
     15.000000    -45.000000 -2.154433e+15 -4.450147e+16 -2.246201e+16 -1.862420e+15  4.880667e+15 -1.789852e+16
     15.000000    -30.000000  9.287391e+15 -4.257693e+16 -1.558421e+16 -2.280990e+15  5.977572e+15 -2.192112e+16
     15.000000    -15.000000  2.009629e+16 -3.775084e+16 -7.644370e+15 -2.544114e+15  6.667115e+15 -2.444983e+16
     15.000000      0.000000  2.953567e+16 -3.035209e+16  8.164196e+14 -2.633860e+15  6.902306e+15 -2.531233e+16
     15.000000     15.000000  3.696224e+16 -2.088490e+16  9.221572e+15 -2.544114e+15  6.667115e+15 -2.444983e+16
     15.000000     30.000000  4.186989e+16 -9.994431e+15  1.699829e+16 -2.280990e+15  5.977572e+15 -2.192112e+16
     15.000000     45.000000  4.392418e+16  1.577137e+15  2.361660e+16 -1.862420e+15  4.880667e+15 -1.789852e+16
     15.000000     60.000000  4.298510e+16  1.304123e+16  2.862548e+16 -1.316930e+15  3.451153e+15 -1.265616e+16
     15.000000     75.000000  3.911667e+16  2.361658e+16  3.168358e+16 -6.816932e+14  1.786448e+15 -6.551312e+15
     30.000000    -75.000000 -2.551307e+16 -3.911296e+16 -2.979079e+16  2.275250e+14  1.276439e+14 -7.631818e+15
     30.000000    -60.000000 -1.670497e+16 -4.297794e+16 -2.496890e+16  4.395445e+14  2.465891e+14 -1.474354e+16
     30.000000    -45.000000 -6.758453e+15 -4.391405e+16 -1.844541e+16  6.216097e+14  3.487296e+14 -2.085051e+16
     30.000000    -30.000000  3.648641e+15 -4.185748e+16 -1.066490e+16  7.613133e+14  4.271048e+14 -2.553656e+16
     30.000000    -15.000000  1.380709e+16 -3.694840e+16 -2.157600e+15  8.491347e+14  4.763735e+14 -2.848233e+16
     30.000000      0.000000  2.302460e+16 -2.952134e+16  6.496742e+15  8.790889e+14  4.931782e+14 -2.948708e+16
     30.000000     15.000000  3.067303e+16 -2.008246e+16  1.470834e+16  8.491347e+14  4.763735e+14 -2.848233e+16
     30.000000     30.000000  3.623114e+16 -9.274985e+15  2.191759e+16  7.613133e+14  4.271048e+14 -2.553656e+16
     30.000000     45.000000  3.932016e+16  2.164562e+15  2.763320e+16  6.216097e+14  3.487296e+14 -2.085051e+16
     30.000000     60.000000  3.972957e+16  1.345660e+16  3.146564e+16  4.395445e+14  2.465891e+14 -1.474354e+16
     30.000000     75.000000  3.743148e+16  2.383159e+16  3.315376e+16  2.275250e+14  1.276439e+14 -7.631818e+15
      0.000000    -89.999000 -3.258190e+16 -3.258301e+16 -3.258258e+16 -1.041493e+11  2.241186e+11 -3.388135e+11
      0.000000     89.999000  3.258309e+16  3.258199e+16  3.258241e+16 -1.041493e+11  2.241186e+11 -3.388135e+11
