      0.00      0.00    0.0000    0.0000
     -0.37     -1.26   -0.0064   -0.0439
     -0.73     -2.51   -0.0128   -0.0877
     -1.10     -3.77   -0.0192   -0.1313
     -1.47     -5.03   -0.0256   -0.1746
     -1.84     -6.29   -0.0320   -0.2176
     -2.21     -7.54   -0.0385   -0.2602
     -2.58     -8.80   -0.0449   -0.3023
     -2.96    -10.05   -0.0514   -0.3438
     -3.34    -11.31   -0.0580   -0.3847
     -3.72    -12.56   -0.0645   -0.4248
     -4.11    -13.82   -0.0711   -0.4642
     -4.50    -15.07   -0.0778   -0.5027
     -4.89    -16.32   -0.0845   -0.5402
     -5.29    -17.58   -0.0912   -0.5768
     -5.70    -18.83   -0.0980   -0.6124
     -6.11    -20.08   -0.1048   -0.6469
     -6.53    -21.33   -0.1117   -0.6803
     -6.95    -22.58   -0.1187   -0.7125
     -7.39    -23.82   -0.1257   -0.7436
     -7.83    -25.07   -0.1328   -0.7735
     -8.28    -26.32   -0.1400   -0.8021
     -8.74    -27.56   -0.1473   -0.8296
     -9.21    -28.80   -0.1546   -0.8557
     -9.69    -30.04   -0.1620   -0.8806
    -10.19    -31.28   -0.1695   -0.9043
    -10.70    -32.52   -0.1771   -0.9267
    -11.22    -33.75   -0.1847   -0.9479
    -11.76    -34.98   -0.1925   -0.9679
    -12.31    -36.21   -0.2003   -0.9867
    -12.88    -37.44   -0.2082   -1.0042
    -13.47    -38.66   -0.2161   -1.0207
    -14.08    -39.88   -0.2241   -1.0360
    -14.72    -41.10   -0.2322   -1.0502
    -15.37    -42.32   -0.2403   -1.0634
    -16.05    -43.53   -0.2484   -1.0755
    -16.77    -44.73   -0.2565   -1.0867
    -17.51    -45.93   -0.2645   -1.0969
    -18.28    -47.13   -0.2725   -1.1063
    -19.09    -48.32   -0.2804   -1.1148
    -19.94    -49.51   -0.2881   -1.1225
    -20.83    -50.69   -0.2956   -1.1295
    -21.76    -51.86   -0.3028   -1.1358
    -22.75    -53.02   -0.3096   -1.1414
    -23.79    -54.18   -0.3159   -1.1464
    -24.89    -55.32   -0.3215   -1.1508
    -26.05    -56.46   -0.3262   -1.1547
    -27.29    -57.58   -0.3300   -1.1582
    -28.60    -58.69   -0.3324   -1.1612
    -30.00    -59.79   -0.3333   -1.1638
    -30.00    -59.79   -0.3333   -1.1638
    -30.00    -60.23   -0.3333   -1.1648
    -30.00    -60.68   -0.3333   -1.1657
    -30.00    -61.13   -0.3333   -1.1666
    -30.00    -61.58   -0.3333   -1.1674
    -30.00    -62.02   -0.3333   -1.1682
    -30.00    -62.47   -0.3333   -1.1689
    -30.00    -62.92   -0.3333   -1.1696
    -30.00    -63.37   -0.3333   -1.1703
    -30.00    -63.81   -0.3333   -1.1709
    -30.00    -64.26   -0.3333   -1.1715
    -30.00    -64.71   -0.3333   -1.1720
    -30.00    -65.16   -0.3333   -1.1725
    -30.00    -65.60   -0.3333   -1.1730
    -30.00    -66.05   -0.3333   -1.1734
    -30.00    -66.50   -0.3333   -1.1738
    -30.00    -66.95   -0.3333   -1.1742
    -30.00    -67.40   -0.3333   -1.1745
    -30.00    -67.84   -0.3333   -1.1749
    -30.00    -68.29   -0.3333   -1.1752
    -30.00    -68.74   -0.3333   -1.1755
    -30.00    -69.19   -0.3333   -1.1757
    -30.00    -69.63   -0.3333   -1.1760
    -30.00    -70.08   -0.3333   -1.1762
    -30.00    -70.53   -0.3333   -1.1764
    -30.00    -70.98   -0.3333   -1.1766
    -30.00    -71.42   -0.3333   -1.1767
    -30.00    -71.87   -0.3333   -1.1769
    -30.00    -72.32   -0.3333   -1.1770
    -30.00    -72.77   -0.3333   -1.1772
    -30.00    -73.21   -0.3333   -1.1773
    -30.00    -73.66   -0.3333   -1.1774
    -30.00    -74.11   -0.3333   -1.1775
    -30.00    -74.56   -0.3333   -1.1775
    -30.00    -75.00   -0.3333   -1.1776
    -30.00    -75.45   -0.3333   -1.1777
    -30.00    -75.90   -0.3333   -1.1777
    -30.00    -76.35   -0.3333   -1.1778
    -30.00    -76.79   -0.3333   -1.1778
    -30.00    -77.24   -0.3333   -1.1779
    -30.00    -77.69   -0.3333   -1.1779
    -30.00    -78.14   -0.3333   -1.1779
    -30.00    -78.58   -0.3333   -1.1780
    -30.00    -79.03   -0.3333   -1.1780
    -30.00    -79.48   -0.3333   -1.1780
    -30.00    -79.93   -0.3333   -1.1780
    -30.00    -80.37   -0.3333   -1.1780
    -30.00    -80.82   -0.3333   -1.1781
    -30.00    -81.27   -0.3333   -1.1781
    -30.00    -81.72   -0.3333   -1.1781
    -30.00    -81.72   -0.3333   -1.1781
    -28.02    -81.71   -0.3315   -1.1781
    -26.04    -81.70   -0.3262   -1.1781
    -24.07    -81.67   -0.3174   -1.1781
    -22.11    -81.64   -0.3053   -1.1781
    -20.17    -81.60   -0.2902   -1.1781
    -18.26    -81.54   -0.2723   -1.1781
    -16.36    -81.48   -0.2519   -1.1781
    -14.50    -81.41   -0.2295   -1.1781
    -12.67    -81.33   -0.2053   -1.1781
    -10.88    -81.24   -0.1798   -1.1781
     -9.12    -81.14   -0.1532   -1.1781
     -7.40    -81.04   -0.1260   -1.1781
     -5.73    -80.93   -0.0985   -1.1781
     -4.09    -80.81   -0.0709   -1.1781
     -2.50    -80.68   -0.0435   -1.1781
     -0.95    -80.55   -0.0166   -1.1780
      0.55    -80.40    0.0097   -1.1780
      2.01    -80.26    0.0351   -1.1780
      3.43    -80.10    0.0596   -1.1780
      4.80    -79.95    0.0830   -1.1780
      6.13    -79.78    0.1052   -1.1780
      7.42    -79.61    0.1263   -1.1780
      8.67    -79.44    0.1462   -1.1780
      9.87    -79.26    0.1648   -1.1780
     11.04    -79.08    0.1821   -1.1780
     12.17    -78.89    0.1983   -1.1780
     13.26    -78.70    0.2133   -1.1780
     14.31    -78.50    0.2271   -1.1780
     15.33    -78.30    0.2398   -1.1780
     16.32    -78.10    0.2514   -1.1779
     17.27    -77.89    0.2620   -1.1779
     18.19    -77.68    0.2716   -1.1779
     19.08    -77.47    0.2803   -1.1779
     19.94    -77.25    0.2881   -1.1779
     20.77    -77.04    0.2952   -1.1779
     21.58    -76.82    0.3014   -1.1778
     22.36    -76.59    0.3070   -1.1778
     23.11    -76.37    0.3119   -1.1778
     23.84    -76.14    0.3161   -1.1778
     24.55    -75.91    0.3198   -1.1777
     25.23    -75.68    0.3230   -1.1777
     25.89    -75.45    0.3257   -1.1777
     26.53    -75.21    0.3279   -1.1777
     27.16    -74.97    0.3296   -1.1776
     27.76    -74.74    0.3310   -1.1776
     28.35    -74.50    0.3321   -1.1775
     28.91    -74.25    0.3328   -1.1775
     29.47    -74.01    0.3332   -1.1774
     30.00    -73.77    0.3333   -1.1774
     30.00    -73.77    0.3333   -1.1774
     27.35    -72.42    0.3301   -1.1771
     25.08    -71.04    0.3223   -1.1766
     23.10    -69.64    0.3118   -1.1760
     21.37    -68.22    0.2999   -1.1751
     19.84    -66.78    0.2873   -1.1741
     18.48    -65.33    0.2745   -1.1727
     17.27    -63.87    0.2620   -1.1710
     16.17    -62.40    0.2497   -1.1688
     15.18    -60.93    0.2379   -1.1662
     14.28    -59.44    0.2266   -1.1630
     13.45    -57.95    0.2158   -1.1592
     12.69    -56.46    0.2055   -1.1547
     11.98    -54.96    0.1957   -1.1495
     11.33    -53.46    0.1863   -1.1433
     10.72    -51.95    0.1774   -1.1362
     10.15    -50.44    0.1689   -1.1281
      9.62    -48.93    0.1608   -1.1188
      9.11    -47.41    0.1531   -1.1084
      8.64    -45.90    0.1457   -1.0966
      8.19    -44.38    0.1386   -1.0835
      7.76    -42.86    0.1318   -1.0689
      7.36    -41.34    0.1253   -1.0528
      6.97    -39.82    0.1190   -1.0352
      6.60    -38.29    0.1129   -1.0158
      6.24    -36.77    0.1071   -0.9947
      5.90    -35.24    0.1014   -0.9719
      5.57    -33.71    0.0959   -0.9473
      5.26    -32.19    0.0906   -0.9209
      4.95    -30.66    0.0854   -0.8926
      4.65    -29.13    0.0804   -0.8624
      4.36    -27.60    0.0755   -0.8304
      4.08    -26.07    0.0707   -0.7965
      3.81    -24.54    0.0661   -0.7608
      3.54    -23.01    0.0615   -0.7233
      3.28    -21.47    0.0570   -0.6841
      3.03    -19.94    0.0526   -0.6431
      2.78    -18.41    0.0483   -0.6006
      2.53    -16.88    0.0440   -0.5564
      2.29    -15.34    0.0399   -0.5108
      2.05    -13.81    0.0357   -0.4639
      1.82    -12.28    0.0316   -0.4157
      1.58    -10.74    0.0276   -0.3663
      1.35     -9.21    0.0236   -0.3159
      1.12     -7.67    0.0196   -0.2647
      0.90     -6.14    0.0157   -0.2126
      0.67     -4.60    0.0117   -0.1600
      0.45     -3.07    0.0078   -0.1069
      0.22     -1.53    0.0039   -0.0535
      0.00      0.00    0.0000    0.0000
