    -30.00     35.26   -0.3333    0.9723
    -29.20     35.91   -0.3330    0.9822
    -28.38     36.55   -0.3321    0.9916
    -27.55     37.19   -0.3306    1.0007
    -26.71     37.82   -0.3284    1.0094
    -25.86     38.44   -0.3255    1.0178
    -24.98     39.06   -0.3219    1.0258
    -24.10     39.67   -0.3175    1.0334
    -23.19     40.27   -0.3124    1.0406
    -22.27     40.87   -0.3064    1.0476
    -21.34     41.46   -0.2996    1.0542
    -20.39     42.04   -0.2920    1.0605
    -19.42     42.62   -0.2834    1.0665
    -18.43     43.18   -0.2740    1.0721
    -17.42     43.74   -0.2636    1.0775
    -16.40     44.28   -0.2523    1.0826
    -15.35     44.82   -0.2400    1.0875
    -14.29     45.35   -0.2268    1.0921
    -13.21     45.87   -0.2125    1.0964
    -12.10     46.38   -0.1974    1.1005
    -10.98     46.88   -0.1812    1.1044
     -9.83     47.36   -0.1641    1.1080
     -8.67     47.84   -0.1461    1.1114
     -7.48     48.30   -0.1272    1.1146
     -6.27     48.75   -0.1075    1.1177
     -5.04     49.19   -0.0869    1.1205
     -3.79     49.61   -0.0657    1.1232
     -2.51     50.02   -0.0437    1.1256
     -1.22     50.41   -0.0213    1.1280
      0.10     50.80    0.0017    1.1301
      1.44     51.16    0.0250    1.1321
      2.79     51.51    0.0486    1.1340
      4.17     51.85    0.0723    1.1357
      5.57     52.17    0.0959    1.1373
      6.99     52.47    0.1193    1.1388
      8.43     52.75    0.1424    1.1401
      9.89     53.02    0.1649    1.1414
     11.36     53.27    0.1868    1.1425
     12.85     53.50    0.2077    1.1435
     14.36     53.71    0.2276    1.1444
     15.88     53.90    0.2463    1.1452
     17.41     54.08    0.2635    1.1460
     18.96     54.23    0.2791    1.1466
     20.51     54.36    0.2931    1.1471
     22.08     54.48    0.3051    1.1476
     23.65     54.57    0.3151    1.1480
     25.24     54.64    0.3230    1.1482
     26.82     54.69    0.3287    1.1484
     28.41     54.73    0.3322    1.1486
     30.00     54.74    0.3333    1.1486
     30.00     54.74    0.3333    1.1486
     30.00     55.46    0.3333    1.1513
     30.00     56.17    0.3333    1.1538
     30.00     56.89    0.3333    1.1561
     30.00     57.61    0.3333    1.1583
     30.00     58.33    0.3333    1.1603
     30.00     59.05    0.3333    1.1621
     30.00     59.77    0.3333    1.1638
     30.00     60.49    0.3333    1.1653
     30.00     61.21    0.3333    1.1667
     30.00     61.93    0.3333    1.1680
     30.00     62.65    0.3333    1.1692
     30.00     63.37    0.3333    1.1703
     30.00     64.09    0.3333    1.1712
     30.00     64.81    0.3333    1.1721
     30.00     65.53    0.3333    1.1729
     30.00     66.25    0.3333    1.1736
     30.00     66.97    0.3333    1.1742
     30.00     67.69    0.3333    1.1748
     30.00     68.41    0.3333    1.1753
     30.00     69.13    0.3333    1.1757
     30.00     69.85    0.3333    1.1761
     30.00     70.57    0.3333    1.1764
     30.00     71.29    0.3333    1.1767
     30.00     72.01    0.3333    1.1769
     30.00     72.73    0.3333    1.1771
     30.00     73.45    0.3333    1.1773
     30.00     74.17    0.3333    1.1775
     30.00     74.89    0.3333    1.1776
     30.00     75.61    0.3333    1.1777
     30.00     76.33    0.3333    1.1778
     30.00     77.05    0.3333    1.1779
     30.00     77.77    0.3333    1.1779
     30.00     78.49    0.3333    1.1780
     30.00     79.20    0.3333    1.1780
     30.00     79.92    0.3333    1.1780
     30.00     80.64    0.3333    1.1781
     30.00     81.36    0.3333    1.1781
     30.00     82.08    0.3333    1.1781
     30.00     82.80    0.3333    1.1781
     30.00     83.52    0.3333    1.1781
     30.00     84.24    0.3333    1.1781
     30.00     84.96    0.3333    1.1781
     30.00     85.68    0.3333    1.1781
     30.00     86.40    0.3333    1.1781
     30.00     87.12    0.3333    1.1781
     30.00     87.84    0.3333    1.1781
     30.00     88.56    0.3333    1.1781
     30.00     89.28    0.3333    1.1781
     30.00     90.00    0.3333    1.1781
    -30.00     90.00   -0.3333    1.1781
    -30.00     88.88   -0.3333    1.1781
    -30.00     87.77   -0.3333    1.1781
    -30.00     86.65   -0.3333    1.1781
    -30.00     85.53   -0.3333    1.1781
    -30.00     84.41   -0.3333    1.1781
    -30.00     83.30   -0.3333    1.1781
    -30.00     82.18   -0.3333    1.1781
    -30.00     81.06   -0.3333    1.1781
    -30.00     79.95   -0.3333    1.1780
    -30.00     78.83   -0.3333    1.1780
    -30.00     77.71   -0.3333    1.1779
    -30.00     76.60   -0.3333    1.1778
    -30.00     75.48   -0.3333    1.1777
    -30.00     74.36   -0.3333    1.1775
    -30.00     73.24   -0.3333    1.1773
    -30.00     72.13   -0.3333    1.1770
    -30.00     71.01   -0.3333    1.1766
    -30.00     69.89   -0.3333    1.1761
    -30.00     68.78   -0.3333    1.1755
    -30.00     67.66   -0.3333    1.1747
    -30.00     66.54   -0.3333    1.1738
    -30.00     65.42   -0.3333    1.1728
    -30.00     64.31   -0.3333    1.1715
    -30.00     63.19   -0.3333    1.1700
    -30.00     62.07   -0.3333    1.1683
    -30.00     60.96   -0.3333    1.1663
    -30.00     59.84   -0.3333    1.1639
    -30.00     58.72   -0.3333    1.1613
    -30.00     57.61   -0.3333    1.1583
    -30.00     56.49   -0.3333    1.1548
    -30.00     55.37   -0.3333    1.1510
    -30.00     54.25   -0.3333    1.1467
    -30.00     53.14   -0.3333    1.1419
    -30.00     52.02   -0.3333    1.1366
    -30.00     50.90   -0.3333    1.1307
    -30.00     49.79   -0.3333    1.1242
    -30.00     48.67   -0.3333    1.1171
    -30.00     47.55   -0.3333    1.1094
    -30.00     46.43   -0.3333    1.1010
    -30.00     45.32   -0.3333    1.0918
    -30.00     44.20   -0.3333    1.0819
    -30.00     43.08   -0.3333    1.0712
    -30.00     41.97   -0.3333    1.0597
    -30.00     40.85   -0.3333    1.0473
    -30.00     39.73   -0.3333    1.0341
    -30.00     38.62   -0.3333    1.0201
    -30.00     37.50   -0.3333    1.0051
    -30.00     36.38   -0.3333    0.9892
    -30.00     35.26   -0.3333    0.9723
